idhh	idperson	idpartner	idmother	idfather	dct	dwt	dag	dec	les	yem	dgn	lhw	dms	loc	yse	yiy	poa	ddi	boa	poa00	yseev 
1	101	102	0	0	0	10	65	0	4	0	1	-1	2	5	0	0	2017.54625	0	2017.54625	2017.54625	0
1	102	101	0	0	0	10	60	0	7	0	0	-1	2	-1	0	0	0	0	0	0	0
1	103	0	102	101	0	10	30	0	5	0	1	-1	1	-1	0	0	0	0	0	0	0
1	104	0	102	101	0	10	28	0	6	157.4188	1	-1	1	7	0	0	0	0	0	0	0
2	201	202	0	0	0	10	29	0	3	1075.353	1	48	2	5	0	0	0	0	0	0	0
2	202	201	0	0	0	10	25	0	3	951.3614	0	48	2	7	0	0	0	0	0	0	0
2	203	0	202	201	0	10	3	0	0	0	0	-1	1	-1	0	0	0	0	0	0	0
2	204	0	202	201	0	10	2	0	0	0	1	-1	1	-1	0	0	0	0	0	0	0
3	301	302	0	0	0	10	72	0	2	0	1	40	2	-1	0	0	1627.492	0	1627.492	1627.492	0
3	302	301	0	0	0	10	59	0	7	0	0	-1	2	9	0	0	0	0	0	0	0
4	401	402	0	0	0	10	50	0	3	3614.218	1	33	2	3	0	0	0	0	0	0	0
4	402	401	0	0	0	10	42	0	7	0	0	-1	2	-1	0	0	0	0	0	0	0
4	403	0	402	401	0	10	14	3	6	0	0	-1	1	-1	0	0	0	0	0	0	0
4	404	0	402	401	0	10	10	2	6	0	1	-1	1	-1	0	0	0	0	0	0	0
5	501	0	0	0	0	10	86	0	4	0	1	-1	5	-1	0	0	1539.242	0	1539.242	1539.242	0
6	601	0	0	0	0	10	36	0	3	2495.051	1	37	1	7	0	0	0	0	0	0	0
7	701	702	0	0	0	10	64	0	4	0	1	-1	2	-1	0	0	0	0	0	0	0
7	702	701	0	0	0	10	51	0	7	0	0	-1	2	-1	423.2701	0	0	0	0	0	423.2701
7	703	0	702	701	0	10	26	0	5	937.9483	1	-1	1	5	0	0	0	0	0	0	0
8	801	0	0	0	0	10	25	6	5	0	0	-1	1	-1	0	0	0	0	0	0	0
9	901	902	0	0	0	10	52	0	3	2928.078	1	45	2	8	0	0	0	0	0	0	0
9	902	901	0	0	0	10	48	0	7	0	0	-1	2	-1	0	0	0	0	0	0	0
10	1001	1002	0	0	0	10	48	0	3	2733.85	1	37	2	2	0	0	0	0	0	0	0
10	1002	1001	0	0	0	10	42	0	3	2711.126	0	37	2	2	0	0	0	0	0	0	0
11	1101	0	0	0	0	10	24	6	3	994.6108	0	29	1	1	0	0	0	0	0	0	0
12	1201	0	0	0	0	10	24	6	6	0	0	-1	1	-1	0	0	0	0	0	0	0
13	1301	1302	0	0	0	10	40	0	3	8108.625	1	38	2	7	0	0	0	0	0	0	0
13	1302	1301	0	0	0	10	37	0	7	0	0	-1	2	8	0	0	0	0	0	0	0
13	1303	0	1302	1301	0	10	13	3	6	0	0	-1	1	-1	0	0	0	0	0	0	0
13	1304	0	1302	1301	0	10	8	2	6	0	1	-1	1	-1	0	0	0	0	0	0	0
14	1401	0	0	0	0	10	25	0	3	2291.702	0	37	1	3	0	0	0	0	0	0	0
15	1501	0	0	0	0	10	51	0	4	0	0	-1	4	3	0	0	0	0	0	0	0
16	1601	1602	0	0	0	10	47	0	3	3494.136	0	50	2	1	0	0	0	0	0	0	0
16	1602	1601	0	0	0	10	49	0	3	2112.551	1	37	2	8	0	0	0	0	0	0	0
16	1603	0	1601	1602	0	10	18	4	3	370.8121	1	37	1	1	0	0	0	0	0	0	0
17	1701	0	0	0	0	10	54	0	3	2428.286	1	37	1	7	0	0	0	0	0	0	0
18	1801	1802	1804	0	0	10	36	0	3	1193.915	1	50	2	5	0	0	0	0	0	0	0
18	1802	1801	0	0	0	10	27	0	7	0	0	-1	2	-1	0	0	0	0	0	0	0
18	1803	0	1802	1801	0	10	2	0	0	0	1	-1	1	-1	0	0	0	0	0	0	0
18	1804	0	0	0	0	10	61	0	7	0	0	-1	5	-1	0	0	0	0	0	0	0
19	1901	1902	0	0	0	10	69	0	4	0	1	-1	2	8	0	0	1582.257	0	1582.257	1582.257	0
19	1902	1901	0	0	0	10	60	0	4	0	0	-1	2	-1	0	0	0	0	0	0	0
20	2001	0	0	0	0	10	21	6	3	1630.52	0	6	1	5	0	0	0	0	0	0	0
21	2101	0	0	0	0	10	75	0	4	0	0	-1	1	-1	0	0	2057.5935	0	2057.5935	2057.5935	0
21	2102	0	0	0	0	10	75	0	4	0	0	-1	1	-1	0	0	2398.453	0	2398.453	2398.453	0
22	2201	2202	0	0	0	10	34	0	3	2428.671	1	37	2	3	0	0	0	0	0	0	0
22	2202	2201	0	0	0	10	33	0	3	2000.717	0	37	2	3	0	0	0	0	0	0	0
22	2203	0	2202	2201	0	10	8	2	6	0	0	-1	1	-1	0	0	0	0	0	0	0
22	2204	0	2202	2201	0	10	4	0	0	0	0	-1	1	-1	0	0	0	0	0	0	0
23	2301	2302	0	0	0	10	49	0	3	1415.454	0	31	2	9	0	0	0	0	0	0	0
23	2302	2301	0	0	0	10	52	0	3	1819.578	1	45	2	7	0	0	0	0	0	0	0
23	2303	0	2301	2302	0	10	21	0	3	1305.426	1	37	1	7	0	0	0	0	0	0	0
24	2401	0	0	0	0	10	45	0	3	3227.595	1	45	4	2	0	0	0	0	0	0	0
24	2402	0	0	2401	0	10	8	2	6	0	1	-1	1	-1	0	0	0	0	0	0	0
24	2403	0	0	2401	0	10	16	4	6	0	1	-1	1	-1	0	0	0	0	0	0	0
25	2501	2502	0	0	0	10	85	0	4	0	1	-1	1	-1	0	0	1599.39425	0	1599.39425	1599.39425	0
25	2502	2501	0	0	0	10	71	0	7	0	0	-1	5	-1	0	0	1685.263	0	1685.263	1685.263	0
26	2601	2602	0	0	0	10	50	0	2	0	1	42	2	6	274.0497	0	0	0	0	0	274.0497
26	2602	2601	0	0	0	10	53	0	9	0	0	48	2	6	0	0	0	0	0	0	0
26	2603	0	2602	2601	0	10	27	0	3	720.1457	1	56	1	5	0	0	0	0	0	0	0
27	2701	2702	0	0	0	10	57	0	2	0	1	60	2	1	696.5267	0	0	0	0	0	696.5267
27	2702	2701	0	0	0	10	55	0	9	0	0	35	2	6	0	0	0	0	0	0	0
28	2801	0	0	0	0	10	63	0	2	0	1	45	5	5	2248.278	0	0	0	0	0	2248.278
29	2901	0	0	0	0	10	73	0	4	0	1	-1	5	-1	0	0	1705.359	0	1705.359	1705.359	0
30	3001	0	0	0	0	10	79	0	4	0	1	-1	1	-1	0	0	2018.15425	0	2018.15425	2018.15425	0
31	3101	0	0	0	0	10	81	0	4	0	1	-1	5	-1	0	0	1901.1425	0	1901.1425	1901.1425	0
32	3201	3202	0	0	0	10	86	0	4	0	1	-1	2	-1	0	0	1772.4905	0	1772.4905	1772.4905	0
32	3202	3201	0	0	0	10	71	0	7	0	0	-1	2	-1	0	0	2016.2145	0	2016.2145	2016.2145	0
33	3301	3302	0	0	0	10	85	0	4	0	1	-1	2	-1	0	0	1638.57825	0	1638.57825	1638.57825	0
33	3302	3301	0	0	0	10	85	0	4	0	0	-1	2	-1	0	0	1886.07525	0	1886.07525	1886.07525	0
34	3401	3402	0	0	0	10	42	0	3	2777.945	1	50	2	3	0	0	0	0	0	0	0
34	3402	3401	0	0	0	10	40	0	3	2103.79	0	32	2	3	0	0	0	0	0	0	0
34	3403	0	3402	3401	0	10	14	3	6	0	0	-1	1	-1	0	0	0	0	0	0	0
34	3404	0	3402	3401	0	10	17	4	3	142.5385	0	37	1	9	0	0	0	0	0	0	0
35	3501	3502	0	0	0	10	68	0	3	3993.764	1	37	2	3	0	0	1714.198	0	1714.198	1714.198	0
35	3502	3501	0	0	0	10	67	0	7	0	0	-1	2	-1	0	0	2123.7435	0	2123.7435	2123.7435	0
36	3601	3602	0	0	0	10	28	4	3	1747.507	0	29	1	2	0	0	0	0	0	0	0
36	3602	3601	0	0	0	10	27	0	3	2457.713	1	45	1	2	0	0	0	0	0	0	0
37	3701	3702	0	0	0	10	65	0	4	120.4123	1	3	2	1	0	0	1892.56725	0	1892.56725	1892.56725	0
37	3702	3701	0	0	0	10	62	0	3	2187.158	0	25	2	5	0	0	0	0	0	0	0
38	3801	3802	0	0	0	10	65	0	4	0	1	-1	4	8	0	0	1793.81	0	1793.81	1793.81	0
38	3802	3801	0	0	0	10	57	0	4	0	0	-1	4	5	0	0	0	0	0	0	0
39	3901	0	0	0	0	10	33	0	3	1978.62	1	37	1	3	0	0	0	0	0	0	0
40	4001	4002	0	0	0	10	79	0	4	0	1	-1	2	1	0	0	1962.6995	0	1962.6995	1962.6995	0
40	4002	4001	0	0	0	10	68	0	4	0	0	-1	2	5	0	0	1741.648	0	1741.648	1741.648	0
41	4101	4102	0	0	0	10	76	0	2	0	1	16	2	7	88.04153	0	1997.3145	0	1997.3145	1997.3145	88.04153
41	4102	4101	0	0	0	10	72	0	4	0	0	-1	2	4	0	0	1577.62	0	1577.62	1577.62	0
42	4201	0	0	0	0	10	86	0	4	0	0	-1	5	-1	0	0	1564.94575	0	1564.94575	1564.94575	0
43	4301	4302	0	0	0	10	44	0	2	0	1	40	2	1	0	0	0	0	0	0	0
43	4302	4301	0	0	0	10	39	0	3	1887.087	0	37	2	9	0	0	0	0	0	0	0
43	4303	0	4302	4301	0	10	16	4	6	0	1	-1	1	-1	0	0	0	0	0	0	0
43	4304	0	4302	4301	0	10	13	3	6	0	0	-1	1	-1	0	0	0	0	0	0	0
44	4401	0	0	0	0	10	39	0	3	2466.561	0	37	4	3	0	0	0	0	0	0	0
44	4402	0	4401	0	0	10	13	3	6	0	0	-1	1	-1	0	0	0	0	0	0	0
45	4501	0	0	0	0	10	62	0	3	3321.72	1	37	5	3	0	0	0	0	0	0	0
46	4601	4602	0	0	0	10	38	0	3	2273.78	1	45	2	9	0	0	0	0	0	0	0
46	4602	4601	0	0	0	10	32	0	7	0	0	-1	2	7	0	0	0	0	0	0	0
46	4603	0	4602	4601	0	10	3	0	0	0	1	-1	1	-1	0	0	0	0	0	0	0
47	4701	4702	0	0	0	10	32	0	3	2692.101	1	37	2	7	0	0	0	0	0	0	0
47	4702	4701	0	0	0	10	30	0	3	1049.893	0	37	2	9	0	0	0	0	0	0	0
47	4703	0	4702	4701	0	10	7	2	6	0	0	-1	1	-1	0	0	0	0	0	0	0
47	4704	0	4702	4701	0	10	4	0	0	0	1	-1	1	-1	0	0	0	0	0	0	0
48	4801	0	0	0	0	10	86	0	4	0	0	-1	1	-1	0	0	1523.9205	0	1523.9205	1523.9205	0
49	4901	4902	0	0	0	10	42	0	3	3116.293	1	35	2	7	0	0	0	0	0	0	0
49	4902	4901	0	0	0	10	41	0	7	0	0	-1	2	-1	0	0	0	0	0	0	0
49	4903	0	4902	4901	0	10	18	6	6	0	1	-1	1	-1	0	0	0	0	0	0	0
49	4904	0	4902	4901	0	10	17	6	6	0	0	-1	1	-1	0	0	0	0	0	0	0
50	5001	0	0	0	0	10	27	0	3	1393.389	1	47	1	1	0	0	0	0	0	0	0
51	5101	5102	0	0	0	10	48	0	2	0	1	80	2	1	2551.42	0	0	0	0	0	2551.42
51	5102	5101	0	0	0	10	41	0	9	0	0	70	2	9	0	0	0	0	0	0	0
51	5103	0	5102	5101	0	10	21	0	7	0	1	-1	1	-1	0	0	0	0	0	0	0
51	5104	0	5102	5101	0	10	19	0	7	0	1	-1	1	-1	0	0	0	0	0	0	0
52	5201	5202	5206	5205	0	10	40	0	2	0	1	48	2	5	1830.652	0	0	0	0	0	1830.652
52	5202	5201	0	0	0	10	38	0	9	0	0	48	2	5	0	0	0	0	0	0	0
52	5203	0	5202	5201	0	10	10	2	6	0	1	-1	1	-1	0	0	0	0	0	0	0
52	5204	0	5202	5201	0	10	15	4	6	0	0	-1	1	-1	0	0	0	0	0	0	0
52	5205	5206	0	0	0	10	70	0	4	0	1	-1	2	6	0	0	1339.5825	0	1339.5825	1339.5825	0
52	5206	5205	0	0	0	10	70	0	4	0	0	-1	2	8	0	0	2209.79325	0	2209.79325	2209.79325	0
53	5301	0	0	0	0	10	27	0	3	2047.626	0	48	1	4	0	0	0	0	0	0	0
53	5302	0	0	0	0	10	23	0	3	3418.609	0	48	1	5	0	0	0	0	0	0	0
54	5401	5402	0	0	0	10	47	0	2	0	1	40	2	5	974.8857	0	0	0	0	0	974.8857
54	5402	5401	0	0	0	10	47	0	2	0	0	40	2	9	950.5049	0	0	0	0	0	950.5049
55	5501	5502	0	0	0	10	31	0	3	3271.205	1	55	2	8	0	0	0	0	0	0	0
55	5502	5501	0	0	0	10	29	0	5	0	0	-1	2	3	0	0	0	0	0	0	0
55	5503	0	5502	5501	0	10	5	0	0	0	1	-1	1	-1	0	0	0	0	0	0	0
55	5504	0	5502	5501	0	10	0	0	0	0	1	-1	1	-1	0	0	0	0	0	0	0
56	5601	5602	0	0	0	10	71	0	4	0	1	-1	2	-1	0	0	1864.0435	0	1864.0435	1864.0435	0
56	5602	5601	0	0	0	10	66	0	7	0	0	-1	2	-1	0	0	1970.941	0	1970.941	1970.941	0
57	5701	5702	0	0	0	10	39	0	5	1588.124	1	-1	2	-1	0	0	0	0	0	0	0
57	5702	5701	0	0	0	10	40	0	3	1992.814	0	40	2	4	0	0	0	0	0	0	0
57	5703	0	5702	5701	0	10	15	4	6	0	1	-1	1	-1	0	0	0	0	0	0	0
57	5704	0	5702	5701	0	10	7	2	6	0	0	-1	1	-1	0	0	0	0	0	0	0
58	5801	5802	0	0	0	10	47	0	2	0	1	50	2	5	6085.435	0	0	0	0	0	6085.435
58	5802	5801	0	0	0	10	42	0	2	374.1166	0	20	2	5	770.6801	0	0	0	0	0	770.6801
58	5803	0	5802	5801	0	10	17	4	6	0	0	37	1	9	0	0	0	0	0	0	0
59	5901	5902	0	0	0	10	48	6	3	4018.483	1	50	2	3	0	0	0	0	0	0	0
59	5902	5901	0	0	0	10	46	0	3	1858.474	0	30	2	4	0	0	0	0	0	0	0
59	5903	0	5902	5901	0	10	16	4	6	0	1	-1	1	-1	0	0	0	0	0	0	0
59	5904	0	5902	5901	0	10	11	2	6	0	1	-1	1	-1	0	0	0	0	0	0	0
60	6001	0	0	0	0	10	82	0	4	0	0	-1	5	5	0	0	1231.9145	0	1231.9145	1231.9145	0
61	6101	6102	0	0	0	10	33	6	6	264.0059	1	37	2	1	0	0	0	0	0	0	0
61	6102	6101	0	0	0	10	29	0	3	1846.727	0	37	2	3	0	0	0	0	0	0	0
61	6103	0	6102	6101	0	10	2	0	0	0	1	-1	1	-1	0	0	0	0	0	0	0
62	6201	0	0	0	0	10	79	0	4	0	0	-1	5	-1	0	0	1639.65575	0	1639.65575	1639.65575	0
63	6301	6302	0	0	0	10	32	0	3	3917.239	1	37	1	2	0	0	0	0	0	0	0
63	6302	6301	0	0	0	10	37	0	3	3294.441	0	35	1	3	0	0	0	0	0	0	0
63	6303	0	6302	6301	0	10	4	0	0	0	1	-1	1	-1	0	0	0	0	0	0	0
64	6401	0	0	0	0	10	27	6	6	0	0	-1	1	4	0	0	0	0	0	0	0
65	6501	6502	0	0	0	10	22	0	3	1144.718	0	40	2	7	0	0	0	0	0	0	0
65	6502	6501	0	0	0	10	33	0	7	0	1	-1	2	-1	0	0	0	0	0	0	0
66	6601	6602	0	0	0	10	38	0	2	3497.603	1	43	2	2	4583.077	0	0	0	0	0	4583.077
66	6602	6601	0	0	0	10	36	0	3	916.5447	0	29	2	3	0	0	0	0	0	0	0
66	6603	0	6602	6601	0	10	8	2	6	0	0	-1	1	-1	0	0	0	0	0	0	0
66	6604	0	6602	6601	0	10	5	0	0	0	1	-1	1	-1	0	0	0	0	0	0	0
67	6701	6702	0	0	0	10	64	0	4	0	1	-1	2	-1	0	0	0	0	0	0	0
67	6702	6701	0	0	0	10	66	0	4	0	0	-1	2	-1	0	0	2168.8355	0	2168.8355	2168.8355	0
68	6801	0	0	0	0	10	21	6	3	44.75474	0	37	1	4	0	0	0	0	0	0	0
69	6901	6902	0	0	0	10	39	0	3	3100.005	1	60	3	-1	0	0	0	0	0	0	0
69	6902	6901	0	0	0	10	31	0	5	522.0566	0	-1	2	3	0	0	0	0	0	0	0
69	6903	0	6902	6901	0	10	2	0	0	0	0	-1	1	-1	0	0	0	0	0	0	0
70	7001	7002	0	0	0	10	48	0	2	0	1	80	2	8	2360.339	0	0	0	0	0	2360.339
70	7002	7001	0	0	0	10	44	0	7	0	0	-1	2	-1	0	0	0	0	0	0	0
70	7003	0	7002	7001	0	10	23	0	3	294.8329	1	40	1	7	0	0	0	0	0	0	0
70	7004	0	7002	7001	0	10	21	0	5	0	1	-1	1	-1	0	0	0	0	0	0	0
71	7101	7102	0	0	0	10	72	0	4	0	1	-1	2	5	0	0	1124.8785	0	1124.8785	1124.8785	0
71	7102	7101	0	0	0	10	71	0	7	0	0	-1	2	-1	0	0	1784.3375	0	1784.3375	1784.3375	0
72	7201	0	0	0	0	10	61	0	4	0	0	-1	4	9	0	0	0	0	0	0	0
73	7301	7302	0	0	0	10	43	0	3	2124.509	0	37	4	4	0	0	0	0	0	0	0
73	7302	7301	0	0	0	10	41	0	3	4004.748	1	37	4	7	0	0	0	0	0	0	0
73	7303	0	7301	7302	0	10	20	0	3	1875.517	1	57	1	7	0	0	0	0	0	0	0
73	7304	0	7301	7302	0	10	15	3	6	0	0	-1	1	-1	0	0	0	0	0	0	0
74	7401	7402	0	0	0	10	35	0	7	0	0	-1	2	-1	0	0	0	0	0	0	0
74	7402	7401	0	0	0	10	35	0	3	0	1	75	2	8	636.0557	0	0	0	0	0	636.0557
75	7501	7502	0	0	0	10	36	0	3	2437.702	1	48	2	5	0	0	0	0	0	0	0
75	7502	7501	0	0	0	10	38	0	3	6546.696	0	40	2	7	0	0	0	0	0	0	0
75	7503	0	7502	7501	0	10	9	2	6	0	1	-1	1	-1	0	0	0	0	0	0	0
75	7504	0	7502	7501	0	10	5	2	0	0	0	-1	1	-1	0	0	0	0	0	0	0
76	7601	7602	0	0	0	10	40	0	2	0	1	45	2	1	1723.076	0	0	0	0	0	1723.076
76	7602	7601	0	0	0	10	28	0	7	0	0	-1	2	5	0	0	0	0	0	0	0
76	7603	0	7602	7601	0	10	7	2	6	0	0	-1	1	-1	0	0	0	0	0	0	0
76	7604	0	7602	7601	0	10	5	2	0	0	1	-1	1	-1	0	0	0	0	0	0	0
77	7701	7702	0	0	0	10	73	0	4	0	1	-1	2	-1	0	0	1702.66375	0	1702.66375	1702.66375	0
77	7702	7701	0	0	0	10	69	0	4	0	0	-1	2	9	0	0	1802.4195	0	1802.4195	1802.4195	0
78	7801	0	7802	0	0	10	34	0	3	1690.902	1	40	1	7	0	0	0	0	0	0	0
78	7802	0	0	0	0	10	68	0	7	0	0	-1	5	-1	0	0	1929.92075	0	1929.92075	1929.92075	0
79	7901	7902	0	0	0	10	40	0	3	3309.554	1	38	2	4	0	0	0	0	0	0	0
79	7902	7901	0	0	0	10	32	0	3	2913.542	0	38	2	4	0	0	0	0	0	0	0
79	7903	0	7902	7901	0	10	9	2	6	0	1	-1	1	-1	0	0	0	0	0	0	0
79	7904	0	7902	7901	0	10	1	0	0	0	0	-1	1	-1	0	0	0	0	0	0	0
80	8001	0	0	0	0	10	29	6	6	680.4103	1	20	1	5	0	0	0	0	0	0	0
81	8101	8102	0	0	0	10	57	0	2	0	1	50	2	1	1514.372	0	0	0	0	0	1514.372
81	8102	8101	0	0	0	10	48	0	7	0	0	-1	2	-1	0	0	0	0	0	0	0
82	8201	8202	0	0	0	10	48	0	3	1698.545	1	40	2	7	0	0	0	0	0	0	0
82	8202	8201	0	0	0	10	42	0	3	1422.645	0	40	2	8	0	0	0	0	0	0	0
82	8203	0	8202	8201	0	10	17	6	6	0	1	-1	1	-1	0	0	0	0	0	0	0
82	8204	0	8202	8201	0	10	8	2	6	0	1	-1	1	-1	0	0	0	0	0	0	0
83	8301	8302	0	0	0	10	46	0	3	2634.338	1	39	2	2	0	0	0	0	0	0	0
83	8302	8301	0	0	0	10	41	0	3	2425.293	0	37	2	2	0	0	0	0	0	0	0
83	8303	0	8302	8301	0	10	18	4	6	169.2129	0	12	1	9	0	0	0	0	0	0	0
83	8304	0	8302	8301	0	10	15	3	6	0	1	-1	1	-1	0	0	0	0	0	0	0
84	8401	0	8403	8402	0	10	32	0	2	0	1	70	1	1	2878.521	0	0	0	0	0	2878.521
84	8402	8403	0	0	0	10	66	0	4	0	1	-1	2	-1	0	0	1894.235	0	1894.235	1894.235	0
84	8403	8402	0	0	0	10	65	0	4	0	0	-1	2	9	0	0	1635.138	0	1635.138	1635.138	0
85	8501	8503	0	0	0	10	47	4	5	544.1652	1	-1	4	8	0	0	0	0	0	0	0
85	8502	0	8503	8501	0	10	9	2	6	0	0	-1	1	-1	0	0	0	0	0	0	0
85	8503	8501	0	0	0	10	47	4	5	0	0	-1	1	9	0	0	0	0	0	0	0
86	8601	0	0	0	0	10	75	0	4	0	0	-1	5	6	0	0	1550.04775	0	1550.04775	1550.04775	0
87	8701	0	0	0	0	10	40	0	3	2365.406	1	37	4	9	0	0	0	0	0	0	0
87	8702	0	0	8701	0	10	18	4	3	5389.022	1	37	1	9	0	0	0	0	0	0	0
88	8801	8802	0	0	0	10	55	0	3	1986.038	1	35	2	7	0	0	0	0	0	0	0
88	8802	8801	0	0	0	10	52	0	3	1508.636	0	30	2	9	0	0	0	0	0	0	0
88	8803	0	8802	8801	0	10	26	0	3	276.4122	0	20	1	5	0	0	0	0	0	0	0
88	8804	0	8802	8801	0	10	24	6	6	0	0	-1	1	-1	0	0	0	0	0	0	0
89	8901	0	0	0	0	10	62	0	4	0	0	-1	1	3	0	0	0	0	0	0	0
90	9001	9002	0	0	0	10	48	0	2	0	1	15	2	6	385.9464	0	0	0	0	0	385.9464
90	9002	9001	0	0	0	10	36	0	5	1210.292	0	-1	2	6	0	0	0	0	0	0	0
90	9003	0	9002	9001	0	10	15	4	6	0	1	-1	1	-1	0	0	0	0	0	0	0
91	9101	9102	0	0	0	10	69	0	4	0	1	-1	2	1	0	0	2334.60875	0	2334.60875	2334.60875	0
91	9102	9101	0	0	0	10	55	0	7	0	0	-1	2	-1	0	0	0	0	0	0	0
92	9201	0	0	0	0	10	80	0	7	0	1	-1	5	-1	0	0	1576.60125	0	1576.60125	1576.60125	0
92	9202	0	0	9201	0	10	38	0	3	3710.346	1	40	4	7	0	0	0	0	0	0	0
92	9203	0	0	9201	0	10	34	0	3	2482.049	1	40	1	5	0	0	0	0	0	0	0
92	9204	0	0	9202	0	10	11	2	6	0	1	-1	1	-1	0	0	0	0	0	0	0
93	9301	0	0	0	0	10	60	0	3	1040.33	1	37	1	5	0	0	0	0	0	0	0
94	9401	0	0	0	0	10	46	4	3	2593.184	0	37	4	4	0	0	0	0	0	0	0
94	9402	0	9401	0	0	10	18	6	6	13.35038	0	25	1	9	0	0	0	0	0	0	0
95	9501	0	0	0	0	10	83	0	4	0	0	-1	5	-1	0	0	1555.153	0	1555.153	1555.153	0
96	9601	9602	0	0	0	10	69	0	4	0	1	-1	2	7	0	0	1670.0215	0	1670.0215	1670.0215	0
96	9602	9601	0	0	0	10	63	0	4	0	0	-1	2	9	0	0	0	0	0	0	0
97	9701	9702	0	0	0	10	24	6	6	364.1589	0	14	2	5	0	0	0	0	0	0	0
97	9702	9701	0	0	0	10	31	0	3	2137.926	1	37	2	3	0	0	0	0	0	0	0
98	9801	9802	0	0	0	10	51	0	3	6019.587	1	60	2	3	0	0	0	0	0	0	0
98	9802	9801	0	0	0	10	48	0	7	0	0	-1	2	-1	0	0	0	0	0	0	0
98	9803	0	9802	9801	0	10	20	6	6	0	1	-1	1	-1	0	0	0	0	0	0	0
98	9804	0	9802	9801	0	10	20	6	6	0	0	-1	1	-1	0	0	0	0	0	0	0
98	9805	0	9802	9801	0	10	18	6	6	0	0	-1	1	-1	0	0	0	0	0	0	0
98	9806	0	9802	9801	0	10	14	3	6	0	0	-1	1	-1	0	0	0	0	0	0	0
99	9901	9902	0	0	0	10	46	0	2	0	1	45	2	7	2526.285	0	0	0	0	0	2526.285
99	9902	9901	0	0	0	10	46	0	7	0	0	-1	2	-1	0	0	0	0	0	0	0
99	9903	0	9902	9901	0	10	24	0	9	0	1	45	1	7	0	0	0	0	0	0	0
99	9904	0	9902	9901	0	10	12	3	6	0	0	-1	1	-1	0	0	0	0	0	0	0
100	10001	0	0	0	0	10	56	0	5	0	1	-1	4	9	0	0	0	0	0	0	0
101	10101	10102	0	0	0	10	65	0	4	0	1	-1	2	2	0	0	1797.85575	0	1797.85575	1797.85575	0
101	10102	10101	0	0	0	10	62	0	4	0	0	-1	2	2	0	0	0	0	0	0	0
102	10201	10202	0	0	0	10	51	0	3	1553.219	0	37	2	8	0	0	0	0	0	0	0
102	10202	10201	0	0	0	10	52	0	3	2836.058	1	37	2	3	0	0	0	0	0	0	0
103	10301	0	10302	0	0	10	19	0	3	994.0586	1	39	1	7	0	0	0	0	0	0	0
103	10302	0	0	0	0	10	47	0	7	0	0	-1	4	-1	0	0	0	0	0	0	0
103	10303	0	10302	0	0	10	20	0	3	1927.023	0	37	1	9	0	0	0	0	0	0	0
103	10304	0	10302	0	0	10	22	0	3	1982.13	0	37	1	9	0	0	0	0	0	0	0
104	10401	0	0	0	0	10	86	0	4	0	1	-1	5	-1	0	0	1991.33625	0	1991.33625	1991.33625	0
105	10501	10502	0	0	0	10	70	0	4	0	1	-1	2	9	0	0	1803.31825	0	1803.31825	1803.31825	0
105	10502	10501	0	0	0	10	71	0	4	85.77789	0	-1	2	6	661.5177	0	1512.67025	0	1512.67025	1512.67025	661.5177
106	10601	10602	0	0	0	10	32	0	3	2181.511	1	40	2	7	0	0	0	0	0	0	0
106	10602	10601	0	0	0	10	26	0	7	0	0	-1	2	-1	0	0	0	0	0	0	0
106	10603	0	10602	10601	0	10	6	2	6	0	0	-1	1	-1	0	0	0	0	0	0	0
106	10604	0	10602	10601	0	10	3	0	0	0	1	-1	1	-1	0	0	0	0	0	0	0
107	10701	0	0	0	0	10	53	4	5	0	0	-1	3	-1	0	0	0	0	0	0	0
108	10801	10802	10805	0	0	10	53	0	2	0	1	25	2	6	2330.641	0	0	0	0	0	2330.641
108	10802	10801	0	0	0	10	48	0	9	0	0	20	2	-1	0	0	0	0	0	0	0
108	10803	0	10802	10801	0	10	15	4	6	0	1	-1	1	-1	0	0	0	0	0	0	0
108	10804	0	10802	10801	0	10	14	3	6	0	1	-1	1	-1	0	0	0	0	0	0	0
108	10805	0	0	0	0	10	75	0	4	0	0	-1	5	6	0	0	1922.61875	0	1922.61875	1922.61875	0
109	10901	0	0	0	0	10	52	4	3	968.8383	1	25	3	2	0	0	0	0	0	0	0
110	11001	11002	0	0	0	10	37	0	3	4303.343	1	94	1	2	0	0	0	0	0	0	0
110	11002	11001	0	0	0	10	34	6	3	2085.323	0	36	1	2	0	0	0	0	0	0	0
110	11003	0	11002	11001	0	10	9	2	6	0	1	-1	1	-1	0	0	0	0	0	0	0
111	11101	0	0	0	0	10	53	0	4	0	0	-1	1	-1	0	0	0	0	0	0	0
112	11201	11202	0	0	0	10	43	0	3	2694.589	1	40	2	4	0	0	0	0	0	0	0
112	11202	11201	0	0	0	10	46	0	3	3079.546	0	40	2	4	0	0	0	0	0	0	0
112	11203	0	11202	11201	0	10	15	4	6	0	1	-1	1	-1	0	0	0	0	0	0	0
112	11204	0	11202	11201	0	10	10	2	6	0	1	-1	1	-1	0	0	0	0	0	0	0
113	11301	11302	0	0	0	10	49	0	2	0	1	50	2	7	1722.489	0	0	0	0	0	1722.489
113	11302	11301	0	0	0	10	44	0	7	0	0	-1	2	-1	0	0	0	0	0	0	0
113	11303	0	11302	11301	0	10	16	4	6	0	0	-1	1	-1	0	0	0	0	0	0	0
113	11304	0	11302	11301	0	10	14	3	6	0	1	-1	1	-1	0	0	0	0	0	0	0
114	11401	11402	0	0	0	10	53	0	5	1031.205	0	-1	2	-1	0	0	0	0	0	0	0
114	11402	11401	0	0	0	10	56	0	5	482.9428	1	-1	2	9	0	0	0	0	0	0	0
114	11403	0	11401	11402	0	10	29	0	3	1493.347	1	40	1	5	0	0	0	0	0	0	0
115	11501	0	0	0	0	10	58	0	4	0	1	-1	5	7	0	0	0	0	0	0	0
116	11601	0	0	0	0	10	27	0	4	0	0	27	1	9	0	0	0	0	0	0	0
117	11701	11702	0	0	0	10	66	0	5	0	1	-1	1	6	0	0	1758.99575	0	1758.99575	1758.99575	0
117	11702	11701	0	0	0	10	71	0	4	0	0	-1	5	9	0	0	1810.555	0	1810.555	1810.555	0
118	11801	11802	0	0	0	10	46	0	3	2461.283	1	37	2	2	0	0	0	0	0	0	0
118	11802	11801	0	0	0	10	45	0	3	2526.397	0	37	2	3	0	0	0	0	0	0	0
118	11803	0	11802	11801	0	10	12	2	6	0	1	-1	1	-1	0	0	0	0	0	0	0
119	11901	0	0	0	0	10	69	0	4	0	0	-1	5	-1	0	0	1984.8035	0	1984.8035	1984.8035	0
119	11902	0	11901	0	0	10	44	0	4	0	0	-1	4	7	0	0	0	0	0	0	0
119	11903	0	11902	0	0	10	21	0	3	1043.141	1	-1	1	-1	0	0	0	0	0	0	0
120	12001	0	0	0	0	10	63	0	4	0	0	-1	3	-1	0	0	0	0	0	0	0
121	12101	12102	0	0	0	10	57	0	3	991.503	1	40	2	6	0	0	0	0	0	0	0
121	12102	12101	0	0	0	10	53	0	2	0	0	40	2	6	0	0	0	0	0	0	0
122	12201	12202	0	0	0	10	73	0	4	88.59955	1	-1	2	2	0	0	1485.19675	0	1485.19675	1485.19675	0
122	12202	12201	0	0	0	10	72	0	4	0	0	-1	2	3	0	0	1467.179	0	1467.179	1467.179	0
123	12301	0	0	0	0	10	64	0	4	0	0	-1	5	7	0	0	0	0	0	0	0
124	12401	12402	0	0	0	10	51	6	3	1629.768	1	42	2	7	0	0	0	0	0	0	0
124	12402	12401	0	0	0	10	50	4	5	0	0	-1	2	5	0	0	0	0	0	0	0
124	12403	0	12402	12401	0	10	22	0	3	231.0693	1	37	1	7	0	0	0	0	0	0	0
124	12404	0	12402	12401	0	10	16	4	6	0	1	-1	1	-1	0	0	0	0	0	0	0
125	12501	12502	0	0	0	10	40	0	2	0	1	70	2	5	0	0	0	0	0	0	0
125	12502	12501	0	0	0	10	38	0	7	0	0	-1	2	3	0	0	0	0	0	0	0
125	12503	0	12502	12501	0	10	13	3	6	0	0	-1	1	-1	0	0	0	0	0	0	0
125	12504	0	12502	12501	0	10	11	2	6	0	1	-1	1	-1	0	0	0	0	0	0	0
125	12505	0	12502	12501	0	10	6	2	6	0	1	-1	1	-1	0	0	0	0	0	0	0
125	12506	0	12502	12501	0	10	2	0	0	0	0	-1	1	-1	0	0	0	0	0	0	0
126	12601	0	0	0	0	10	19	0	5	195.4496	1	-1	1	9	0	0	0	0	0	0	0
126	12602	12603	0	0	0	10	23	6	3	534.6807	0	37	1	9	0	0	0	0	0	0	0
126	12603	12602	0	0	0	10	24	0	5	713.037	1	37	1	8	0	0	0	0	0	0	0
127	12701	0	0	0	0	10	29	0	3	2637.209	1	46	1	5	0	0	0	0	0	0	0
128	12801	0	0	0	0	10	72	0	4	424.9238	1	-1	5	6	0	0	1594.7475	0	1594.7475	1594.7475	0
129	12901	12902	0	0	0	10	47	0	3	1857.07	1	70	2	-1	0	0	0	0	0	0	0
129	12902	12901	0	0	0	10	34	0	7	0	0	-1	2	7	0	0	0	0	0	0	0
129	12903	0	12902	12901	0	10	10	2	6	0	1	-1	1	-1	0	0	0	0	0	0	0
129	12904	0	12902	12901	0	10	4	0	0	0	1	-1	1	-1	0	0	0	0	0	0	0
130	13001	13002	0	0	0	10	58	0	3	1775.448	1	41	2	9	0	0	0	0	0	0	0
130	13002	13001	0	0	0	10	57	4	4	0	0	-1	2	9	0	0	0	0	0	0	0
130	13003	0	13002	13001	0	10	23	0	3	2256.496	1	40	1	7	0	0	0	0	0	0	0
131	13101	0	13103	13102	0	10	25	0	3	1568.153	1	35	1	7	0	0	0	0	0	0	0
131	13102	13103	0	0	0	10	78	0	4	0	1	-1	2	6	0	0	1589.08775	0	1589.08775	1589.08775	0
131	13103	13102	0	0	0	10	64	0	7	0	0	-1	2	-1	149.7687	0	0	0	0	0	149.7687
132	13201	13202	0	0	0	10	39	0	3	5788.971	1	40	2	2	0	0	0	0	0	0	0
132	13202	13201	0	0	0	10	36	0	3	2907.912	0	40	2	8	0	0	0	0	0	0	0
132	13203	0	13202	13201	0	10	11	2	6	0	0	-1	1	-1	0	0	0	0	0	0	0
132	13204	0	13202	13201	0	10	7	2	6	0	0	-1	1	-1	0	0	0	0	0	0	0
133	13301	13302	0	0	0	10	30	0	3	2185.884	1	37	2	5	0	0	0	0	0	0	0
133	13302	13301	0	0	0	10	28	0	3	916.962	0	37	2	4	0	0	0	0	0	0	0
133	13303	0	13302	13301	0	10	6	2	6	0	0	-1	1	-1	0	0	0	0	0	0	0
133	13304	0	13302	13301	0	10	4	0	0	0	1	-1	1	-1	0	0	0	0	0	0	0
134	13401	13402	0	0	0	10	74	0	4	0	1	-1	2	4	0	0	1918.87	0	1918.87	1918.87	0
134	13402	13401	0	0	0	10	76	0	4	0	0	-1	2	-1	0	0	2121.79375	0	2121.79375	2121.79375	0
135	13501	13502	0	0	0	10	68	0	4	0	1	-1	2	3	0	0	1851.11325	0	1851.11325	1851.11325	0
135	13502	13501	0	0	0	10	62	0	4	0	0	-1	2	-1	0	0	0	0	0	0	0
136	13601	0	0	0	0	10	63	0	4	0	0	-1	5	-1	0	0	0	0	0	0	0
136	13602	0	13601	0	0	10	27	0	5	0	0	-1	1	9	0	0	0	0	0	0	0
137	13701	0	0	0	0	10	59	0	2	0	0	50	5	-1	1770.773	0	0	0	0	0	1770.773
137	13702	0	13701	0	0	10	18	6	6	0	0	-1	1	-1	0	0	0	0	0	0	0
138	13801	13802	0	0	0	10	50	0	3	1896.403	0	37	2	3	0	0	0	0	0	0	0
138	13802	13801	0	0	0	10	50	0	3	2359.744	1	37	2	5	0	0	0	0	0	0	0
138	13803	0	13801	13802	0	10	21	6	3	427.8434	0	29	1	9	0	0	0	0	0	0	0
139	13901	0	0	0	0	10	69	0	7	0	0	-1	5	-1	0	0	1922.5175	0	1922.5175	1922.5175	0
140	14001	14002	0	0	0	10	30	0	3	2539.323	1	37	2	5	0	0	0	0	0	0	0
140	14002	14001	0	0	0	10	35	0	5	0	0	-1	2	4	0	0	0	0	0	0	0
140	14003	0	14002	14001	0	10	12	2	6	0	0	-1	1	-1	0	0	0	0	0	0	0
140	14004	0	14002	14001	0	10	4	0	0	0	1	-1	1	-1	0	0	0	0	0	0	0
140	14005	0	14002	14001	0	10	1	0	0	0	1	-1	1	-1	0	0	0	0	0	0	0
141	14101	14102	0	0	0	10	70	0	4	0	1	-1	2	-1	0	0	2085.308	0	2085.308	2085.308	0
141	14102	14101	0	0	0	10	57	0	7	0	0	-1	2	-1	0	0	0	0	0	0	0
141	14103	0	14102	14101	0	10	28	0	5	0	1	-1	1	-1	0	0	0	0	0	0	0
141	14104	0	14102	14101	0	10	22	0	5	0	0	-1	1	-1	0	0	0	0	0	0	0
142	14201	14202	0	0	0	10	27	0	3	3270.974	1	90	2	4	0	0	0	0	0	0	0
142	14202	14201	0	0	0	10	24	0	5	0	0	-1	2	-1	0	0	0	0	0	0	0
142	14203	0	14202	14201	0	10	4	0	0	0	1	-1	1	-1	0	0	0	0	0	0	0
142	14204	0	14202	14201	0	10	3	0	0	0	1	-1	1	-1	0	0	0	0	0	0	0
143	14301	0	0	0	0	10	19	0	3	969.2892	0	40	1	7	0	0	0	0	0	0	0
144	14401	0	0	0	0	10	52	0	3	1882.03	0	32	4	3	0	0	0	0	0	0	0
145	14501	14502	0	0	0	10	61	0	4	0	1	-1	2	-1	0	0	0	0	0	0	0
145	14502	14501	0	0	0	10	60	0	7	0	0	-1	2	-1	0	0	0	0	0	0	0
146	14601	14602	0	0	0	10	63	0	2	0	1	45	2	6	1050.557	0	0	0	0	0	1050.557
146	14602	14601	0	0	0	10	65	0	9	0	0	25	2	6	0	0	1928.89475	0	1928.89475	1928.89475	0
147	14701	14702	0	0	0	10	49	0	3	2015.816	0	30	2	4	0	0	0	0	0	0	0
147	14702	14701	0	0	0	10	47	0	3	8357.749	1	50	2	1	0	0	0	0	0	0	0
147	14703	0	14701	14702	0	10	18	6	6	30.81248	0	-1	1	-1	0	0	0	0	0	0	0
148	14801	0	0	0	0	10	24	0	5	1375.162	0	-1	1	-1	0	0	0	0	0	0	0
149	14901	0	0	0	0	10	35	0	4	0	1	-1	1	2	0	0	0	0	0	0	0
150	15001	15002	0	0	0	10	50	0	3	2820.564	1	40	2	7	0	0	0	0	0	0	0
150	15002	15001	0	0	0	10	43	0	7	0	0	-1	2	-1	0	0	0	0	0	0	0
150	15003	0	15002	15001	0	10	16	4	6	0	0	-1	1	-1	0	0	0	0	0	0	0
150	15004	0	15002	15001	0	10	14	3	6	0	0	-1	1	-1	0	0	0	0	0	0	0
151	15101	15102	0	0	0	10	45	0	2	0	1	60	2	1	2566.206	0	0	0	0	0	2566.206
151	15102	15101	15104	0	0	10	33	0	9	0	0	30	2	5	0	0	0	0	0	0	0
151	15103	0	15102	15101	0	10	13	3	6	0	0	-1	1	-1	0	0	0	0	0	0	0
151	15104	0	0	0	0	10	68	0	4	0	0	-1	5	7	0	0	1363.69675	0	1363.69675	1363.69675	0
152	15201	15202	0	0	0	10	52	0	3	1629.654	1	37	2	7	0	0	0	0	0	0	0
152	15202	15201	0	0	0	10	52	4	5	0	0	-1	2	-1	0	0	0	0	0	0	0
152	15203	0	15202	15201	0	10	24	0	3	1900.308	1	37	1	4	0	0	0	0	0	0	0
152	15204	0	15202	15201	0	10	29	0	3	2323.142	1	37	1	4	0	0	0	0	0	0	0
153	15301	15302	0	0	0	10	64	0	2	0	1	50	2	1	0	0	0	0	0	0	0
153	15302	15301	0	0	0	10	62	0	4	0	0	-1	2	4	0	0	0	0	0	0	0
154	15401	15402	0	0	0	10	48	0	2	0	1	60	2	7	7547.795	0	0	0	0	0	7547.795
154	15402	15401	0	0	0	10	46	6	3	881.2268	0	25	2	3	0	0	0	0	0	0	0
154	15403	0	15402	15401	0	10	18	4	6	0	0	-1	1	-1	0	0	0	0	0	0	0
154	15404	0	15402	15401	0	10	15	3	6	0	0	-1	1	-1	0	0	0	0	0	0	0
154	15405	0	15402	15401	0	10	11	2	6	0	0	-1	1	-1	0	0	0	0	0	0	0
155	15501	15502	0	0	0	10	28	6	6	0	0	-1	1	5	0	0	0	0	0	0	0
155	15502	15501	0	0	0	10	22	6	3	817.2339	0	37	1	5	0	0	0	0	0	0	0
156	15601	15602	0	0	0	10	76	0	4	0	1	-1	2	5	0	0	1874.55975	0	1874.55975	1874.55975	0
156	15602	15601	0	0	0	10	73	0	4	0	0	-1	2	-1	0	0	1839.1625	0	1839.1625	1839.1625	0
157	15701	15702	0	0	0	10	38	0	5	235.0826	0	37	2	5	0	0	0	0	0	0	0
157	15702	15701	0	0	0	10	40	4	3	220.9877	1	37	2	2	0	0	0	0	0	0	0
157	15703	0	15701	15702	0	10	19	4	6	0	0	-1	1	-1	0	0	0	0	0	0	0
157	15704	0	15701	15702	0	10	16	4	6	0	0	-1	1	-1	0	0	0	0	0	0	0
158	15801	0	15802	0	0	10	29	0	3	1218.915	0	42	1	5	0	0	0	0	0	0	0
158	15802	0	0	0	0	10	51	0	7	0	0	-1	4	7	0	0	0	0	0	0	0
158	15803	0	15802	0	0	10	28	0	3	1155.915	0	48	1	5	0	0	0	0	0	0	0
158	15804	0	15802	0	0	10	18	6	3	0	1	42	1	7	0	0	0	0	0	0	0
159	15901	15902	0	0	0	10	37	0	3	2447.517	1	40	2	3	0	0	0	0	0	0	0
159	15902	15901	0	0	0	10	29	0	3	1597.785	0	40	2	5	0	0	0	0	0	0	0
160	16001	0	0	0	0	10	41	4	3	2462.162	0	37	1	2	0	0	0	0	0	0	0
160	16002	0	16001	0	0	10	7	2	6	0	1	-1	1	-1	0	0	0	0	0	0	0
161	16101	16102	0	0	0	10	47	0	3	3673.817	1	36	2	2	0	0	0	0	0	0	0
161	16102	16101	0	0	0	10	48	0	3	2538.493	0	37	2	4	0	0	0	0	0	0	0
161	16103	0	16102	16101	0	10	13	3	6	0	1	-1	1	-1	0	0	0	0	0	0	0
162	16201	0	16203	16202	0	10	34	0	3	1358.478	1	60	1	5	0	0	0	0	0	0	0
162	16202	16203	0	0	0	10	86	0	4	0	1	-1	2	-1	0	0	1692.21325	0	1692.21325	1692.21325	0
162	16203	16202	0	0	0	10	66	0	4	0	0	-1	2	-1	0	0	1845.987	0	1845.987	1845.987	0
163	16301	16302	0	0	0	10	75	0	4	0	1	-1	2	6	0	0	1475.15725	0	1475.15725	1475.15725	0
163	16302	16301	0	0	0	10	67	0	7	0	0	-1	2	6	0	0	1650.9035	0	1650.9035	1650.9035	0
164	16401	16402	0	0	0	10	82	0	4	0	1	-1	2	-1	0	0	1435.30425	0	1435.30425	1435.30425	0
164	16402	16401	0	0	0	10	86	0	4	0	0	-1	2	-1	0	0	1527.01425	0	1527.01425	1527.01425	0
165	16501	0	0	0	0	10	77	0	4	0	0	-1	2	-1	0	0	1676.702	0	1676.702	1676.702	0
166	16601	16602	0	0	0	10	25	0	3	1861.597	0	37	1	5	0	0	0	0	0	0	0
166	16602	16601	0	0	0	10	27	0	3	3448.301	1	50	1	3	939.4153	0	0	0	0	0	939.4153
166	16603	0	16601	16602	0	10	6	2	6	0	0	-1	1	-1	0	0	0	0	0	0	0
167	16701	16702	0	0	0	10	49	0	2	0	1	50	2	7	2490.9	0	0	0	0	0	2490.9
167	16702	16701	0	0	0	10	45	0	9	0	0	40	2	-1	0	0	0	0	0	0	0
167	16703	0	16702	16701	0	10	23	0	9	0	0	40	1	-1	0	0	0	0	0	0	0
167	16704	0	16702	16701	0	10	19	6	6	0	0	-1	1	-1	0	0	0	0	0	0	0
168	16801	16802	0	0	0	10	50	0	5	0	0	-1	2	9	0	0	0	0	0	0	0
168	16802	16801	0	0	0	10	51	0	4	0	1	-1	2	3	0	0	0	0	0	0	0
168	16803	0	16801	16802	0	10	17	6	6	0	0	-1	1	-1	0	0	0	0	0	0	0
169	16901	16902	0	0	0	10	48	0	2	131.9859	1	85	2	8	2485.436	0	0	0	0	0	2485.436
169	16902	16901	0	0	0	10	37	0	7	0	0	-1	2	-1	0	0	0	0	0	0	0
169	16903	0	16902	16901	0	10	16	4	6	0	0	-1	1	-1	0	0	0	0	0	0	0
169	16904	0	16902	16901	0	10	14	3	6	0	0	-1	1	-1	0	0	0	0	0	0	0
169	16905	0	16902	16901	0	10	10	2	6	0	1	-1	1	-1	0	0	0	0	0	0	0
170	17001	0	0	0	0	10	20	0	3	1512.627	0	51	1	5	0	0	0	0	0	0	0
171	17101	17102	0	0	0	10	45	0	5	1507.592	1	-1	2	5	0	0	0	0	0	0	0
171	17102	17101	0	0	0	10	38	0	5	1094.053	0	-1	2	5	0	0	0	0	0	0	0
171	17103	0	17102	17101	0	10	16	4	6	0	0	-1	1	-1	0	0	0	0	0	0	0
171	17104	0	17102	17101	0	10	9	2	6	0	1	-1	1	-1	0	0	0	0	0	0	0
172	17201	0	17202	17203	0	10	33	0	5	833.5919	0	-1	1	7	0	0	0	0	0	0	0
172	17202	17203	0	0	0	10	65	0	4	0	0	-1	2	9	0	0	1968.173	0	1968.173	1968.173	0
172	17203	17202	0	0	0	10	69	0	4	0	1	-1	2	9	0	0	1848.0075	0	1848.0075	1848.0075	0
173	17301	0	0	0	0	10	76	0	7	0	0	-1	5	-1	0	0	2149.453	0	2149.453	2149.453	0
174	17401	17402	0	0	0	10	74	0	4	0	1	-1	2	-1	0	0	1877.24	0	1877.24	1877.24	0
174	17402	17401	0	0	0	10	69	0	7	0	0	-1	2	-1	0	0	1761.55825	0	1761.55825	1761.55825	0
175	17501	0	0	0	0	10	27	6	6	299.6588	1	-1	1	-1	0	0	0	0	0	0	0
176	17601	17602	0	0	0	10	59	0	4	0	1	-1	2	1	0	0	0	0	0	0	0
176	17602	17601	0	0	0	10	58	0	7	0	0	-1	2	-1	0	0	0	0	0	0	0
177	17701	17702	0	0	0	10	82	0	4	0	1	-1	2	-1	0	0	1542.606	0	1542.606	1542.606	0
177	17702	17701	0	0	0	10	82	0	7	0	0	-1	2	-1	0	0	1713.94475	0	1713.94475	1713.94475	0
178	17801	17802	0	0	0	10	35	0	3	1215.372	0	37	1	3	0	0	0	0	0	0	0
178	17802	17801	0	0	0	10	39	0	3	2730.931	1	60	1	8	0	0	0	0	0	0	0
179	17901	17902	0	0	0	10	26	0	3	2050.917	0	37	1	9	0	0	0	0	0	0	0
179	17902	17901	0	0	0	10	31	6	6	1533.855	1	-1	1	5	0	0	0	0	0	0	0
180	18001	18002	0	0	0	10	38	0	3	2018.997	1	21	2	2	0	0	0	0	0	0	0
180	18002	18001	0	0	0	10	29	0	3	2450.883	0	40	2	4	0	0	0	0	0	0	0
180	18003	0	18002	18001	0	10	1	0	0	0	1	-1	1	-1	0	0	0	0	0	0	0
181	18101	18102	0	0	0	10	59	0	2	113.0207	1	40	2	6	4573.077	0	0	0	0	0	4573.077
181	18102	18101	0	0	0	10	53	0	2	54.48033	0	55	2	6	0	0	0	0	0	0	0
182	18201	0	0	0	0	10	26	0	3	481.482	0	37	1	5	0	0	0	0	0	0	0
183	18301	18302	0	0	0	10	44	0	2	0	1	30	2	6	494.4786	0	0	0	0	0	494.4786
183	18302	18301	0	0	0	10	44	0	9	0	0	20	2	6	1730.393	0	0	0	0	0	1730.393
183	18303	0	18302	18301	0	10	17	6	6	0	1	-1	1	-1	0	0	0	0	0	0	0
183	18304	0	18302	18301	0	10	12	3	6	0	0	-1	1	-1	0	0	0	0	0	0	0
184	18401	18402	0	0	0	10	59	0	4	1034.512	1	-1	2	9	0	0	0	0	0	0	0
184	18402	18401	0	0	0	10	48	0	3	1815.876	0	40	2	5	0	0	0	0	0	0	0
184	18403	0	18402	18401	0	10	27	0	3	2496.18	1	36	1	7	0	0	0	0	0	0	0
185	18501	18502	0	0	0	10	64	0	4	0	1	-1	2	1	0	0	0	0	0	0	0
185	18502	18501	0	0	0	10	68	0	4	77.84892	0	-1	2	-1	0	0	1853.16625	0	1853.16625	1853.16625	0
186	18601	18602	0	0	0	10	65	0	3	2158.415	1	39	1	8	0	0	1668.05975	0	1668.05975	1668.05975	0
186	18602	18601	0	0	0	10	51	0	3	2932.406	0	37	5	8	0	0	0	0	0	0	0
187	18701	18702	0	0	0	10	55	0	2	0	1	90	2	2	2457.152	0	0	0	0	0	2457.152
187	18702	18701	0	0	0	10	39	0	7	0	0	-1	2	-1	0	0	0	0	0	0	0
187	18703	0	18702	18701	0	10	6	2	6	0	0	-1	1	-1	0	0	0	0	0	0	0
187	18704	0	18702	18701	0	10	6	2	6	0	1	-1	1	-1	0	0	0	0	0	0	0
188	18801	18802	0	0	0	10	31	0	3	3815.018	1	45	2	2	0	0	0	0	0	0	0
188	18802	18801	0	0	0	10	30	0	3	2492.708	0	40	2	2	0	0	0	0	0	0	0
188	18803	0	18802	18801	0	10	3	0	0	0	1	-1	1	-1	0	0	0	0	0	0	0
189	18901	18902	0	0	0	10	56	0	5	0	1	-1	2	8	0	0	0	0	0	0	0
189	18902	18901	0	0	0	10	46	0	5	153.0546	0	-1	2	8	0	0	0	0	0	0	0
189	18903	0	18902	18901	0	10	14	3	6	0	0	-1	1	-1	0	0	0	0	0	0	0
190	19001	19002	0	0	0	10	40	0	3	3185.347	0	37	2	2	0	0	0	0	0	0	0
190	19002	19001	0	0	0	10	36	0	3	4117.432	1	54	2	2	0	0	0	0	0	0	0
190	19003	0	19001	19002	0	10	11	2	6	0	0	-1	1	-1	0	0	0	0	0	0	0
190	19004	0	19001	19002	0	10	5	0	0	0	0	-1	1	-1	0	0	0	0	0	0	0
191	19101	19102	0	0	0	10	34	0	3	2458.1	1	37	1	3	0	0	0	0	0	0	0
191	19102	19101	0	0	0	10	30	0	5	626.9553	0	-1	1	4	0	0	0	0	0	0	0
191	19103	0	19102	19101	0	10	3	0	0	0	1	-1	1	-1	0	0	0	0	0	0	0
192	19201	19202	0	0	0	10	41	0	3	5096.137	1	40	2	2	0	0	0	0	0	0	0
192	19202	19201	0	0	0	10	41	0	3	2182.682	0	37	2	4	0	0	0	0	0	0	0
192	19203	0	19202	19201	0	10	16	4	6	0	1	-1	1	-1	0	0	0	0	0	0	0
192	19204	0	19202	19201	0	10	9	2	6	0	0	-1	1	-1	0	0	0	0	0	0	0
193	19301	19302	0	0	0	10	55	0	7	0	0	-1	2	-1	0	0	0	0	0	0	0
193	19302	19301	0	0	0	10	69	0	2	0	1	55	2	-1	642.2928	0	1894.65375	0	1894.65375	1894.65375	642.2928
193	19303	0	19301	19302	0	10	31	0	2	0	0	40	1	2	2364.779	0	0	0	0	0	2364.779
194	19401	0	0	0	0	10	70	0	4	0	1	-1	5	8	0	0	1678.1955	0	1678.1955	1678.1955	0
194	19402	19403	0	0	0	10	38	0	2	0	1	42	2	1	0	0	0	0	0	0	0
194	19403	19402	0	19401	0	10	36	0	7	0	0	-1	2	-1	0	0	0	0	0	0	0
194	19404	0	19403	19402	0	10	3	0	0	0	0	-1	1	-1	0	0	0	0	0	0	0
195	19501	19502	0	0	0	10	68	0	4	0	1	-1	2	8	0	0	1617.32125	0	1617.32125	1617.32125	0
195	19502	19501	0	0	0	10	63	0	7	0	0	-1	2	-1	0	0	0	0	0	0	0
196	19601	19602	0	0	0	10	84	0	4	0	1	-1	2	-1	0	0	1907.4575	0	1907.4575	1907.4575	0
196	19602	19601	0	0	0	10	83	0	4	0	0	-1	2	-1	0	0	1804.7545	0	1804.7545	1804.7545	0
197	19701	0	0	0	0	10	46	0	2	0	1	55	1	1	5302.99	0	0	0	0	0	5302.99
198	19801	19802	0	0	0	10	51	0	3	3469.975	1	30	2	8	0	0	0	0	0	0	0
198	19802	19801	0	0	0	10	41	0	7	0	0	-1	2	-1	0	0	0	0	0	0	0
198	19803	0	19802	19801	0	10	19	0	7	0	1	-1	1	-1	0	0	0	0	0	0	0
198	19804	0	19802	19801	0	10	16	4	6	0	0	-1	1	-1	0	0	0	0	0	0	0
199	19901	0	0	0	0	10	74	0	4	0	0	-1	5	5	0	0	1607.8295	0	1607.8295	1607.8295	0
200	20001	0	0	0	0	10	51	0	2	0	0	40	5	6	532.8314	0	0	0	0	0	532.8314
200	20002	0	20001	0	0	10	20	0	3	219.6998	0	40	1	7	0	0	0	0	0	0	0
201	20101	20102	0	0	0	10	63	0	4	0	1	-1	2	7	0	0	0	0	0	0	0
201	20102	20101	0	0	0	10	60	0	7	0	0	-1	2	-1	0	0	0	0	0	0	0
202	20201	0	0	0	0	10	66	0	4	0	0	-1	5	5	0	0	1897.83875	0	1897.83875	1897.83875	0
203	20301	20302	0	0	0	10	48	0	3	2287.839	1	40	2	-1	0	0	0	0	0	0	0
203	20302	20301	0	0	0	10	44	0	7	0	0	-1	2	-1	0	0	0	0	0	0	0
203	20303	0	20302	20301	0	10	17	6	6	0	1	-1	1	-1	0	0	0	0	0	0	0
203	20304	0	20302	20301	0	10	13	3	6	0	1	-1	1	-1	0	0	0	0	0	0	0
204	20401	0	0	0	0	10	47	0	3	2387.17	0	37	4	4	0	0	0	0	0	0	0
205	20501	20502	0	0	0	10	69	0	4	0	1	-1	2	1	0	0	1456.70325	0	1456.70325	1456.70325	0
205	20502	20501	0	0	0	10	57	0	3	1536.342	0	30	2	5	0	0	0	0	0	0	0
206	20601	20602	0	0	0	10	36	0	5	1018.386	0	37	2	9	0	0	0	0	0	0	0
206	20602	20601	0	0	0	10	38	0	3	2131.26	1	37	2	7	0	0	0	0	0	0	0
206	20603	0	20601	20602	0	10	7	2	6	0	1	-1	1	-1	0	0	0	0	0	0	0
207	20701	20702	0	0	0	10	55	0	3	2607.826	0	37	2	2	0	0	0	0	0	0	0
207	20702	20701	0	0	0	10	58	0	3	2229.454	1	37	2	3	0	0	0	0	0	0	0
207	20703	20704	20701	20702	0	10	22	0	3	2219.025	1	37	1	7	0	0	0	0	0	0	0
207	20704	20703	0	0	0	10	21	4	6	182.3642	0	7	1	5	0	0	0	0	0	0	0
208	20801	20802	0	0	0	10	58	0	3	3162.689	1	40	2	7	0	0	0	0	0	0	0
208	20802	20801	0	0	0	10	53	0	7	0	0	-1	2	-1	0	0	0	0	0	0	0
208	20803	0	20802	20801	0	10	25	0	3	1338.907	1	48	1	7	0	0	0	0	0	0	0
208	20804	0	20802	20801	0	10	26	0	3	1355.907	1	48	1	4	0	0	0	0	0	0	0
209	20901	20902	0	0	0	10	60	0	3	1684.533	1	96	2	5	2031.226	0	0	0	0	0	2031.226
209	20902	20901	0	0	0	10	58	0	9	157.4188	0	60	2	6	0	0	0	0	0	0	0
210	21001	21002	0	0	0	10	53	0	2	0	1	70	2	6	1082.465	0	0	0	0	0	1082.465
210	21002	21001	0	0	0	10	46	0	3	2024.209	0	40	2	9	0	0	0	0	0	0	0
210	21003	0	21002	21001	0	10	20	0	9	0	1	70	1	6	0	0	0	0	0	0	0
210	21004	0	21002	21001	0	10	19	0	9	0	1	70	1	6	0	0	0	0	0	0	0
210	21005	0	21002	21001	0	10	14	3	6	0	0	-1	1	-1	0	0	0	0	0	0	0
211	21101	0	0	0	0	10	69	0	3	533.953	0	30	4	-1	0	0	1493.3905	0	1493.3905	1493.3905	0
212	21201	0	0	0	0	10	49	0	7	0	0	-1	5	-1	774.9557	0	0	0	0	0	774.9557
212	21202	0	21201	0	0	10	23	0	7	0	1	-1	1	-1	0	0	0	0	0	0	0
212	21203	0	21201	0	0	10	22	0	5	767.1224	0	-1	1	5	0	0	0	0	0	0	0
213	21301	21302	0	0	0	10	35	6	3	3015.483	1	72	2	8	0	0	0	0	0	0	0
213	21302	21301	0	0	0	10	34	0	3	1235.748	0	40	2	9	0	0	0	0	0	0	0
213	21303	0	21302	21301	0	10	15	3	6	0	1	-1	1	-1	0	0	0	0	0	0	0
213	21304	0	21302	21301	0	10	13	3	6	0	0	-1	1	-1	0	0	0	0	0	0	0
214	21401	0	0	0	0	10	44	0	3	4766.176	1	37	1	1	0	0	0	0	0	0	0
215	21501	0	0	0	0	10	57	0	3	1855.435	1	43	4	4	138.3893	0	0	0	0	0	138.3893
216	21601	0	0	0	0	10	71	0	4	0	1	-1	3	1	0	0	1571.142	0	1571.142	1571.142	0
217	21701	0	0	0	0	10	71	0	4	0	0	-1	5	-1	0	0	2045.16825	0	2045.16825	2045.16825	0
217	21702	0	21701	0	0	10	44	0	7	0	0	-1	1	-1	0	0	0	0	0	0	0
218	21801	21802	0	0	0	10	55	0	2	0	1	15	2	6	3926.211	0	0	0	0	0	3926.211
218	21802	21801	21804	0	0	10	49	0	7	0	0	-1	2	-1	0	0	0	0	0	0	0
218	21803	0	21802	21801	0	10	23	0	9	0	1	15	1	6	0	0	0	0	0	0	0
218	21804	0	0	0	0	10	74	0	4	0	0	-1	5	6	0	0	2287.38275	0	2287.38275	2287.38275	0
219	21901	21902	0	0	0	10	27	6	6	161.0413	0	-1	1	5	0	0	0	0	0	0	0
219	21902	21901	0	0	0	10	30	0	3	3312.339	1	50	1	3	0	0	0	0	0	0	0
220	22001	0	0	0	0	10	82	0	4	0	0	-1	5	-1	0	0	1836.22325	0	1836.22325	1836.22325	0
221	22101	22102	0	0	0	10	27	0	3	3277.819	0	40	2	2	0	0	0	0	0	0	0
221	22102	22101	0	0	0	10	29	0	2	0	1	50	2	2	3203.155	0	0	0	0	0	3203.155
222	22201	22202	0	0	0	10	61	0	3	3312.033	1	37	2	3	0	0	0	0	0	0	0
222	22202	22201	0	0	0	10	62	0	4	163.2111	0	-1	2	9	0	0	0	0	0	0	0
223	22301	0	0	0	0	10	51	0	3	2021.155	0	37	1	2	0	0	0	0	0	0	0
224	22401	0	0	0	0	10	61	0	7	0	0	-1	5	1	0	0	0	0	0	0	0
225	22501	22502	0	0	0	10	69	0	2	0	1	45	2	1	0	0	1740.2355	0	1740.2355	1740.2355	0
225	22502	22501	0	0	0	10	64	0	3	0	0	20	2	6	0	0	0	0	0	0	0
226	22601	0	0	0	0	10	70	0	4	0	0	-1	5	8	0	0	1837.49875	0	1837.49875	1837.49875	0
227	22701	22702	0	0	0	10	75	0	4	0	1	-1	2	7	0	0	1956.07675	0	1956.07675	1956.07675	0
227	22702	22701	0	0	0	10	70	0	4	0	0	-1	2	-1	0	0	1770.43925	0	1770.43925	1770.43925	0
228	22801	22802	0	0	0	10	38	0	3	3165.583	1	40	2	7	0	0	0	0	0	0	0
228	22802	22801	0	0	0	10	33	0	5	0	0	-1	2	-1	0	0	0	0	0	0	0
228	22803	0	22802	22801	0	10	6	2	6	0	0	-1	1	-1	0	0	0	0	0	0	0
228	22804	0	22802	22801	0	10	3	0	0	0	0	-1	1	-1	0	0	0	0	0	0	0
229	22901	22902	0	0	0	10	53	0	3	2237.693	1	40	2	7	0	0	0	0	0	0	0
229	22902	22901	0	0	0	10	54	0	7	0	0	-1	2	-1	0	0	0	0	0	0	0
229	22903	0	22902	22901	0	10	20	0	7	0	1	-1	1	-1	0	0	0	0	0	0	0
229	22904	0	22902	22901	0	10	17	6	6	0	1	-1	1	-1	0	0	0	0	0	0	0
230	23001	0	0	0	0	10	60	0	3	3950.546	0	37	1	2	0	0	0	0	0	0	0
230	23002	23003	0	0	0	10	22	0	3	715.6148	1	37	2	4	0	0	0	0	0	0	0
230	23003	23002	0	0	0	10	22	0	3	0	0	37	2	4	0	0	0	0	0	0	0
231	23101	23102	0	0	0	10	64	0	4	0	1	-1	2	8	0	0	0	0	0	0	0
231	23102	23101	0	0	0	10	63	0	7	0	0	-1	2	-1	0	0	0	0	0	0	0
232	23201	0	0	0	0	10	81	0	4	0	0	-1	5	-1	0	0	1407.86175	0	1407.86175	1407.86175	0
233	23301	23302	0	0	0	10	54	0	3	3241.68	1	42	2	7	0	0	0	0	0	0	0
233	23302	23301	0	0	0	10	50	0	3	1889.028	0	36	2	4	0	0	0	0	0	0	0
233	23303	0	23302	23301	0	10	16	4	6	19.56905	0	-1	1	-1	0	0	0	0	0	0	0
234	23401	23402	0	0	0	10	71	0	4	0	0	-1	2	-1	0	0	2037.85675	0	2037.85675	2037.85675	0
234	23402	23401	0	0	0	10	60	0	4	0	1	-1	2	-1	0	0	0	0	0	0	0
234	23403	0	23401	23402	0	10	29	0	7	0	1	-1	1	-1	0	0	0	0	0	0	0
235	23501	23502	0	0	0	10	74	0	4	0	1	-1	2	1	0	0	1469.2035	0	1469.2035	1469.2035	0
235	23502	23501	0	0	0	10	64	0	4	0	0	-1	2	9	0	0	0	0	0	0	0
236	23601	23603	0	0	0	10	33	0	5	0	0	-1	2	-1	0	0	0	0	0	0	0
236	23602	0	23601	23603	0	10	5	2	0	0	0	-1	1	-1	0	0	0	0	0	0	0
236	23603	23601	0	0	0	10	37	0	3	3771.722	1	40	2	4	0	0	0	0	0	0	0
237	23701	23702	0	0	0	10	79	0	4	0	1	-1	2	-1	0	0	1686.6795	0	1686.6795	1686.6795	0
237	23702	23701	0	0	0	10	80	0	4	0	0	-1	2	-1	0	0	2170.968	0	2170.968	2170.968	0
238	23801	0	0	0	0	10	21	6	6	0	0	-1	1	-1	0	0	0	0	0	0	0
239	23901	23902	0	0	0	10	49	0	4	0	0	-1	4	9	0	0	0	0	0	0	0
239	23902	23901	0	0	0	10	62	0	4	0	1	-1	1	-1	0	0	0	0	0	0	0
240	24001	0	0	0	0	10	86	0	4	0	0	-1	5	-1	0	0	1963.26775	0	1963.26775	1963.26775	0
241	24101	0	0	0	0	10	41	0	3	1261.051	0	40	4	8	0	0	0	0	0	0	0
241	24102	0	24101	0	0	10	19	0	3	0	1	40	1	8	0	0	0	0	0	0	0
242	24201	0	0	0	0	10	60	0	4	0	0	-1	5	-1	0	0	0	0	0	0	0
243	24301	0	0	0	0	10	79	0	4	0	0	-1	5	-1	0	0	1522.3705	0	1522.3705	1522.3705	0
244	24401	0	0	0	0	10	25	6	3	0	0	37	1	6	0	0	0	0	0	0	0
245	24501	24502	0	0	0	10	72	0	4	0	1	-1	2	1	0	0	1686.23325	0	1686.23325	1686.23325	0
245	24502	24501	0	0	0	10	63	0	4	0	0	-1	2	4	0	0	0	0	0	0	0
246	24601	0	0	0	0	10	37	0	3	2293.071	0	37	1	2	0	0	0	0	0	0	0
246	24602	0	24601	0	0	10	8	2	6	0	1	-1	1	-1	0	0	0	0	0	0	0
246	24603	0	24601	0	0	10	6	2	6	0	1	-1	1	-1	0	0	0	0	0	0	0
247	24701	0	24703	24702	0	10	24	0	3	1410.657	1	29	1	3	0	0	0	0	0	0	0
247	24702	24703	0	0	0	10	57	0	3	2274.765	1	37	2	7	0	0	0	0	0	0	0
247	24703	24702	0	0	0	10	58	0	4	0	0	-1	2	9	0	0	0	0	0	0	0
248	24801	0	0	0	0	10	42	0	5	391.2333	1	37	4	6	0	0	0	0	0	0	0
249	24901	0	24903	24902	0	10	28	6	3	358.1829	1	-1	1	-1	0	0	0	0	0	0	0
249	24902	24903	0	0	0	10	66	0	4	0	1	-1	2	-1	0	0	2060.55975	0	2060.55975	2060.55975	0
249	24903	24902	0	0	0	10	64	0	7	0	0	-1	2	-1	0	0	0	0	0	0	0
250	25001	25002	0	0	0	10	31	0	3	2306.783	1	35	1	3	0	0	0	0	0	0	0
250	25002	25001	0	0	0	10	27	6	3	2119.241	0	30	1	5	0	0	0	0	0	0	0
251	25101	25102	0	0	0	10	23	0	7	0	0	-1	2	-1	0	0	0	0	0	0	0
251	25102	25101	0	0	0	10	26	0	5	453.4658	1	-1	2	5	0	0	0	0	0	0	0
252	25201	25202	0	0	0	10	42	0	2	0	1	50	2	7	1661.654	0	0	0	0	0	1661.654
252	25202	25201	0	0	0	10	41	0	7	0	0	-1	2	-1	0	0	0	0	0	0	0
252	25203	0	25202	25201	0	10	17	4	6	0	1	-1	1	-1	0	0	0	0	0	0	0
252	25204	0	25202	25201	0	10	14	3	6	0	0	-1	1	-1	0	0	0	0	0	0	0
253	25301	25302	0	0	0	10	61	0	2	0	0	45	2	6	314.1631	0	0	0	0	0	314.1631
253	25302	25301	0	0	0	10	63	0	4	0	1	-1	2	-1	0	0	0	0	0	0	0
254	25401	25402	0	0	0	10	37	0	3	2019.012	0	37	4	3	0	0	0	0	0	0	0
254	25402	25401	0	0	0	10	43	0	3	2529.585	1	37	1	5	0	0	0	0	0	0	0
255	25501	25502	0	0	0	10	54	0	2	0	1	50	2	6	1386.389	0	0	0	0	0	1386.389
255	25502	25501	0	0	0	10	47	0	9	0	0	40	2	6	0	0	0	0	0	0	0
256	25601	25602	0	0	0	10	77	0	4	0	1	-1	2	1	0	0	1379.03525	0	1379.03525	1379.03525	0
256	25602	25601	0	0	0	10	75	0	4	0	0	-1	2	-1	0	0	1811.931	0	1811.931	1811.931	0
257	25701	0	0	0	0	10	77	0	4	0	1	-1	5	8	0	0	2379.89325	0	2379.89325	2379.89325	0
258	25801	25802	0	0	0	10	22	4	3	168.2454	0	37	1	5	0	0	0	0	0	0	0
258	25802	25801	0	0	0	10	22	4	3	1362.921	1	37	1	7	0	0	0	0	0	0	0
259	25901	25902	0	0	0	10	34	0	2	0	1	72	3	7	1755.052	0	0	0	0	0	1755.052
259	25902	25901	0	0	0	10	22	0	9	0	0	40	1	7	0	0	0	0	0	0	0
259	25903	0	25902	25901	0	10	7	2	6	0	1	-1	1	-1	0	0	0	0	0	0	0
260	26001	26002	0	0	0	10	85	0	4	0	1	-1	2	-1	0	0	1348.41925	0	1348.41925	1348.41925	0
260	26002	26001	0	0	0	10	81	0	4	0	0	-1	2	-1	0	0	1648.95725	0	1648.95725	1648.95725	0
261	26101	26102	0	0	0	10	55	0	3	3217.279	1	58	2	7	0	0	0	0	0	0	0
261	26102	26101	0	0	0	10	54	0	3	1893.15	0	37	2	4	0	0	0	0	0	0	0
262	26201	0	0	0	0	10	29	6	5	0	0	-1	1	9	0	0	0	0	0	0	0
262	26202	0	26201	0	0	10	2	0	0	0	1	-1	1	-1	0	0	0	0	0	0	0
263	26301	26302	0	0	0	10	36	0	3	2277.221	1	37	2	4	0	0	0	0	0	0	0
263	26302	26301	0	0	0	10	27	6	3	1090.409	0	37	2	2	0	0	0	0	0	0	0
263	26303	0	26302	26301	0	10	5	0	0	0	0	-1	1	-1	0	0	0	0	0	0	0
263	26304	0	26302	26301	0	10	3	0	0	0	0	-1	1	-1	0	0	0	0	0	0	0
264	26401	0	0	0	0	10	48	0	3	2648.981	0	37	4	3	0	0	0	0	0	0	0
265	26501	26502	0	0	0	10	50	0	3	4128.809	1	45	2	1	0	0	0	0	0	0	0
265	26502	26501	0	0	0	10	39	0	3	1866.842	0	37	2	5	0	0	0	0	0	0	0
265	26503	0	26502	26501	0	10	5	0	0	0	1	-1	1	-1	0	0	0	0	0	0	0
266	26601	0	0	0	0	10	84	0	7	0	0	-1	5	-1	0	0	1278.826	0	1278.826	1278.826	0
267	26701	0	0	0	0	10	71	0	4	0	0	-1	5	5	0	0	1492.584	0	1492.584	1492.584	0
268	26801	26804	26802	26803	0	10	47	0	2	295.3168	1	70	2	8	1811.129	0	0	0	0	0	1811.129
268	26802	26803	0	0	0	10	78	0	4	0	0	-1	2	-1	0	0	1377.76725	0	1377.76725	1377.76725	0
268	26803	26802	0	0	0	10	80	0	4	0	1	-1	2	-1	0	0	1787.20625	0	1787.20625	1787.20625	0
268	26804	26801	0	0	0	10	42	0	7	0	0	-1	2	-1	0	0	0	0	0	0	0
268	26805	0	26804	26801	0	10	19	0	3	710.4103	1	-1	1	-1	0	0	0	0	0	0	0
268	26806	0	26804	26801	0	10	18	0	3	698.8242	1	60	1	8	0	0	0	0	0	0	0
268	26807	0	26804	26801	0	10	17	6	6	0	0	-1	1	-1	0	0	0	0	0	0	0
269	26901	26902	0	0	0	10	65	0	4	0	1	-1	2	9	0	0	1621.17625	0	1621.17625	1621.17625	0
269	26902	26901	0	0	0	10	64	0	2	0	0	40	2	6	536.8873	0	0	0	0	0	536.8873
270	27001	27002	0	0	0	10	35	0	3	3931.168	1	37	2	2	0	0	0	0	0	0	0
270	27002	27001	0	0	0	10	33	6	3	1596.104	0	48	2	5	0	0	0	0	0	0	0
270	27003	0	27002	27001	0	10	12	2	6	0	1	-1	1	-1	0	0	0	0	0	0	0
270	27004	0	27002	27001	0	10	9	2	6	0	1	-1	1	-1	0	0	0	0	0	0	0
270	27005	0	27002	27001	0	10	3	0	0	0	0	-1	1	-1	0	0	0	0	0	0	0
271	27101	0	0	0	0	10	42	0	3	2701.112	0	37	1	3	0	0	0	0	0	0	0
271	27102	0	27101	0	0	10	15	3	6	0	1	-1	1	-1	0	0	0	0	0	0	0
271	27103	0	27101	0	0	10	12	2	6	0	0	-1	1	-1	0	0	0	0	0	0	0
272	27201	27202	0	0	0	10	56	0	3	3015.95	1	45	2	9	165.9101	0	0	0	0	0	165.9101
272	27202	27201	0	0	0	10	50	4	3	2262.66	0	37	2	2	0	0	0	0	0	0	0
273	27301	0	0	0	0	10	26	0	3	1968.62	1	40	1	3	0	0	0	0	0	0	0
274	27401	27402	0	0	0	10	68	0	4	0	1	-1	2	7	0	0	1489.02825	0	1489.02825	1489.02825	0
274	27402	27401	0	0	0	10	69	0	4	0	0	-1	2	-1	0	0	2117.5335	0	2117.5335	2117.5335	0
275	27501	27502	0	0	0	10	66	0	2	0	1	45	2	6	1468.251	0	1478.8025	0	1478.8025	1478.8025	1468.251
275	27502	27501	0	0	0	10	56	0	9	0	0	40	2	6	0	0	0	0	0	0	0
275	27503	0	27502	27501	0	10	30	0	9	0	0	20	1	6	0	0	0	0	0	0	0
276	27601	27602	0	0	0	10	51	0	3	4756.633	1	40	2	3	0	0	0	0	0	0	0
276	27602	27601	0	0	0	10	39	0	7	0	0	-1	2	-1	0	0	0	0	0	0	0
276	27603	0	27602	27601	0	10	14	3	6	0	0	-1	1	-1	0	0	0	0	0	0	0
276	27604	0	27602	27601	0	10	9	2	6	0	1	-1	1	-1	0	0	0	0	0	0	0
277	27701	27702	0	0	0	10	55	0	4	0	1	-1	2	-1	206.0322	0	0	0	0	0	206.0322
277	27702	27701	0	0	0	10	42	0	7	0	0	-1	2	-1	0	0	0	0	0	0	0
277	27703	0	27702	27701	0	10	20	0	3	785.5129	1	-1	1	-1	0	0	0	0	0	0	0
278	27801	0	0	0	0	10	81	0	4	0	1	-1	5	-1	0	0	2047.745	0	2047.745	2047.745	0
279	27901	0	0	0	0	10	57	0	4	0	1	-1	4	7	0	0	0	0	0	0	0
280	28001	28002	0	0	0	10	49	0	3	5285.352	1	40	2	2	0	0	0	0	0	0	0
280	28002	28001	0	0	0	10	45	4	3	1880.578	0	26	2	3	0	0	0	0	0	0	0
280	28003	0	28002	28001	0	10	16	4	6	0	0	-1	1	-1	0	0	0	0	0	0	0
281	28101	0	0	28103	0	10	58	0	3	1578.69	0	45	5	5	0	0	0	0	0	0	0
281	28102	0	28101	0	0	10	28	0	3	767.2282	0	39	1	5	0	0	0	0	0	0	0
281	28103	0	0	0	0	10	86	0	4	0	1	-1	5	-1	0	0	1515.29575	0	1515.29575	1515.29575	0
282	28201	0	28203	28202	0	10	21	6	6	0	0	-1	1	-1	0	0	0	0	0	0	0
282	28202	28203	0	0	0	10	56	0	2	0	1	50	2	7	2702.979	0	0	0	0	0	2702.979
282	28203	28202	0	0	0	10	57	0	7	0	0	-1	2	-1	0	0	0	0	0	0	0
283	28301	28302	0	0	0	10	60	0	2	0	1	84	2	6	530.8711	0	0	0	0	0	530.8711
283	28302	28301	0	0	0	10	61	0	7	0	0	-1	2	6	0	0	0	0	0	0	0
283	28303	0	28302	28301	0	10	25	0	9	118.7212	1	26	1	6	0	0	0	0	0	0	0
283	28304	0	28302	28301	0	10	25	0	5	177.7863	1	-1	1	-1	0	0	0	0	0	0	0
284	28401	28402	0	0	0	10	35	0	2	0	1	50	2	2	3303.263	0	0	0	0	0	3303.263
284	28402	28401	0	0	0	10	28	0	7	0	0	13	2	5	0	0	0	0	0	0	0
285	28501	28502	0	0	0	10	27	0	3	1558.482	1	45	1	2	0	0	0	0	0	0	0
285	28502	28501	0	0	0	10	25	0	3	1739.845	0	41	1	6	0	0	0	0	0	0	0
286	28601	28602	0	0	0	10	56	0	3	2221.28	1	37	2	8	0	0	0	0	0	0	0
286	28602	28601	0	0	0	10	48	0	3	1917.324	0	37	2	9	0	0	0	0	0	0	0
287	28701	28702	0	0	0	10	46	0	2	0	1	40	2	7	737.4686	0	0	0	0	0	737.4686
287	28702	28701	0	0	0	10	43	0	7	0	0	-1	2	-1	0	0	0	0	0	0	0
287	28703	0	28702	28701	0	10	14	3	6	0	0	-1	1	-1	0	0	0	0	0	0	0
287	28704	0	28702	28701	0	10	6	2	6	0	0	-1	1	-1	0	0	0	0	0	0	0
288	28801	28802	0	0	0	10	59	0	4	0	1	-1	2	3	0	0	0	0	0	0	0
288	28802	28801	0	0	0	10	51	0	7	0	0	-1	2	-1	0	0	0	0	0	0	0
288	28803	0	28802	28801	0	10	21	6	6	640.8847	1	-1	1	-1	0	0	0	0	0	0	0
289	28901	28902	0	0	0	10	36	0	3	2742.017	1	37	1	7	0	0	0	0	0	0	0
289	28902	28901	0	0	0	10	29	0	3	2342.363	0	35	1	4	0	0	0	0	0	0	0
289	28903	0	28902	28901	0	10	2	0	0	0	1	-1	1	-1	0	0	0	0	0	0	0
290	29001	0	0	0	0	10	70	0	4	0	0	-1	5	-1	0	0	2045.50725	0	2045.50725	2045.50725	0
291	29101	29102	0	0	0	10	57	6	5	0	0	-1	4	9	0	0	0	0	0	0	0
291	29102	29101	0	0	0	10	43	0	3	2094.857	1	37	1	7	0	0	0	0	0	0	0
292	29201	29202	0	0	0	10	58	0	3	564.5899	1	16	2	9	0	0	0	0	0	0	0
292	29202	29201	0	0	0	10	55	0	7	0	0	-1	2	1	588.943	0	0	0	0	0	588.943
293	29301	29302	0	0	0	10	74	0	4	0	1	-1	2	-1	0	0	1749.0565	0	1749.0565	1749.0565	0
293	29302	29301	0	0	0	10	73	0	4	0	0	-1	2	-1	0	0	1514.666	0	1514.666	1514.666	0
294	29401	0	0	0	0	10	47	0	3	139.6472	1	-1	1	3	0	0	0	0	0	0	0
295	29501	29502	0	0	0	10	59	0	3	12566.94	1	55	2	1	0	0	0	0	0	0	0
295	29502	29501	0	0	0	10	55	0	3	1458.963	0	25	2	4	0	0	0	0	0	0	0
296	29601	29602	0	0	0	10	24	6	3	638.0721	0	37	1	7	0	0	0	0	0	0	0
296	29602	29601	0	0	0	10	23	0	3	1671.64	1	35	1	8	0	0	0	0	0	0	0
297	29701	29702	0	0	0	10	70	0	4	0	1	-1	2	7	0	0	1569.792	0	1569.792	1569.792	0
297	29702	29701	0	0	0	10	71	0	4	0	0	-1	2	6	0	0	1641.76175	0	1641.76175	1641.76175	0
298	29801	29802	0	0	0	10	82	0	4	0	1	-1	2	-1	532.6168	0	1942.12075	0	1942.12075	1942.12075	532.6168
298	29802	29801	0	0	0	10	77	0	7	0	0	-1	2	-1	0	0	2037.42525	0	2037.42525	2037.42525	0
299	29901	29902	0	0	0	10	52	0	2	0	1	90	2	1	2411.538	0	0	0	0	0	2411.538
299	29902	29901	0	0	0	10	59	0	9	0	0	30	2	5	0	0	0	0	0	0	0
299	29903	0	29902	29901	0	10	20	0	9	0	1	85	1	5	0	0	0	0	0	0	0
300	30001	30002	0	0	0	10	78	0	4	0	1	-1	2	-1	0	0	1596.15975	0	1596.15975	1596.15975	0
300	30002	30001	0	0	0	10	70	0	7	0	0	-1	2	-1	0	0	1518.829	0	1518.829	1518.829	0
300	30003	0	30002	30001	0	10	40	0	3	2588.907	0	48	1	3	0	0	0	0	0	0	0
301	30101	30102	0	0	0	10	31	0	7	497.6535	0	-1	1	5	0	0	0	0	0	0	0
301	30102	30101	0	0	0	10	30	0	3	3870.528	1	40	1	1	0	0	0	0	0	0	0
301	30103	0	30101	30102	0	10	7	2	6	0	1	-1	1	-1	0	0	0	0	0	0	0
301	30104	0	30101	30102	0	10	7	2	6	0	0	-1	1	-1	0	0	0	0	0	0	0
301	30105	0	30101	30102	0	10	2	0	0	0	0	-1	1	-1	0	0	0	0	0	0	0
302	30201	30202	0	0	0	10	24	0	6	468.2501	1	37	1	5	0	0	0	0	0	0	0
302	30202	30201	0	0	0	10	27	0	3	995.9513	0	37	1	3	0	0	0	0	0	0	0
303	30301	30302	0	0	0	10	30	0	3	1673.206	1	37	1	1	0	0	0	0	0	0	0
303	30302	30301	0	0	0	10	28	0	3	791.9476	0	37	1	3	0	0	0	0	0	0	0
304	30401	30402	0	0	0	10	57	0	3	3703.419	1	45	2	9	0	0	0	0	0	0	0
304	30402	30401	0	0	0	10	52	0	7	0	0	-1	2	-1	0	0	0	0	0	0	0
304	30403	0	30402	30401	0	10	21	6	6	0	0	-1	1	-1	0	0	0	0	0	0	0
304	30404	0	30402	30401	0	10	19	0	7	0	0	-1	1	-1	0	0	0	0	0	0	0
304	30405	0	30402	30401	0	10	17	6	6	0	0	-1	1	-1	0	0	0	0	0	0	0
304	30406	0	30402	30401	0	10	16	4	6	0	1	-1	1	-1	0	0	0	0	0	0	0
305	30501	0	0	0	0	10	52	0	7	0	0	-1	5	-1	0	0	0	0	0	0	0
305	30502	0	30501	0	0	10	28	0	3	560.1056	1	56	1	5	0	0	0	0	0	0	0
305	30503	0	30501	0	0	10	25	0	5	0	0	-1	1	-1	0	0	0	0	0	0	0
305	30504	0	30501	0	0	10	21	0	5	0	0	-1	1	-1	0	0	0	0	0	0	0
306	30601	30602	0	0	0	10	28	6	3	3206.061	1	54	1	2	0	0	0	0	0	0	0
306	30602	30601	0	0	0	10	29	0	3	2781.686	0	50	1	2	0	0	0	0	0	0	0
307	30701	30702	0	0	0	10	41	0	2	0	1	50	2	1	1722.298	0	0	0	0	0	1722.298
307	30702	30701	0	0	0	10	40	0	7	0	0	-1	2	-1	0	0	0	0	0	0	0
307	30703	0	30702	30701	0	10	3	0	0	0	1	-1	1	-1	0	0	0	0	0	0	0
307	30704	0	30702	30701	0	10	1	0	0	0	0	-1	1	-1	0	0	0	0	0	0	0
308	30801	0	0	0	0	10	74	0	7	0	0	-1	5	-1	0	0	1629.663	0	1629.663	1629.663	0
308	30802	0	30801	0	0	10	41	0	7	0	0	-1	3	-1	0	0	0	0	0	0	0
308	30803	0	30802	0	0	10	18	6	6	0	1	-1	1	-1	0	0	0	0	0	0	0
309	30901	30902	0	0	0	10	85	0	4	0	1	-1	5	-1	0	0	1603.33325	0	1603.33325	1603.33325	0
309	30902	30901	0	0	0	10	83	0	4	0	0	-1	5	-1	0	0	1840.70275	0	1840.70275	1840.70275	0
310	31001	31002	0	0	0	10	32	0	5	0	1	-1	2	-1	0	0	0	0	0	0	0
310	31002	31001	0	0	0	10	24	0	5	0	0	-1	2	9	0	0	0	0	0	0	0
310	31003	0	31002	31001	0	10	3	0	0	0	0	-1	1	-1	0	0	0	0	0	0	0
310	31004	0	31002	31001	0	10	1	0	0	0	0	-1	1	-1	0	0	0	0	0	0	0
310	31005	0	0	0	0	10	31	0	5	0	0	-1	4	9	0	0	0	0	0	0	0
310	31006	0	31005	0	0	10	10	2	6	0	0	-1	1	-1	0	0	0	0	0	0	0
311	31101	31102	0	0	0	10	74	0	4	76.93257	1	-1	2	6	0	0	1817.336	0	1817.336	1817.336	0
311	31102	31101	0	0	0	10	82	0	4	0	0	-1	2	6	0	0	1637.6045	0	1637.6045	1637.6045	0
312	31201	31202	0	0	0	10	61	0	2	0	1	60	2	-1	574.3459	0	0	0	0	0	574.3459
312	31202	31201	0	0	0	10	63	0	9	0	0	50	2	-1	0	0	0	0	0	0	0
312	31203	0	0	0	0	10	60	0	4	0	0	-1	1	9	0	0	0	0	0	0	0
313	31301	31302	0	0	0	10	29	0	3	2226.651	1	50	2	6	0	0	0	0	0	0	0
313	31302	31301	0	0	0	10	28	0	3	2109.36	0	38	2	3	0	0	0	0	0	0	0
313	31303	0	31302	31301	0	10	2	0	0	0	0	-1	1	-1	0	0	0	0	0	0	0
313	31304	0	31302	31301	0	10	1	0	0	0	0	-1	1	-1	0	0	0	0	0	0	0
313	31305	0	31302	31301	0	10	1	0	0	0	0	-1	1	-1	0	0	0	0	0	0	0
314	31401	0	0	0	0	10	86	0	4	0	0	-1	5	-1	0	0	1517.5175	0	1517.5175	1517.5175	0
315	31501	0	0	0	0	10	44	0	3	3359.509	1	37	1	7	0	0	0	0	0	0	0
316	31601	31602	0	0	0	10	47	0	7	0	0	-1	2	-1	0	0	0	0	0	0	0
316	31602	31601	0	0	0	10	50	0	3	2239.185	1	37	2	9	0	0	0	0	0	0	0
316	31603	0	31601	31602	0	10	19	6	6	0	1	-1	1	-1	0	0	0	0	0	0	0
316	31604	0	31601	31602	0	10	16	4	6	0	1	-1	1	-1	0	0	0	0	0	0	0
317	31701	31702	0	0	0	10	27	4	5	0	0	-1	2	8	0	0	0	0	0	0	0
317	31702	31701	0	0	0	10	40	0	3	2121.567	1	37	2	8	0	0	0	0	0	0	0
317	31703	0	31701	31702	0	10	7	2	6	0	0	-1	1	-1	0	0	0	0	0	0	0
317	31704	0	31701	31702	0	10	4	0	0	0	0	-1	1	-1	0	0	0	0	0	0	0
318	31801	0	0	0	0	10	71	0	7	0	0	-1	5	-1	0	0	1843.4785	0	1843.4785	1843.4785	0
319	31901	0	0	0	0	10	20	6	6	0	1	12	1	5	0	0	0	0	0	0	0
320	32001	0	0	0	0	10	23	6	6	757.2479	0	-1	1	5	0	0	0	0	0	0	0
320	32002	0	0	0	0	10	23	6	3	804.9542	0	29	1	5	0	0	0	0	0	0	0
321	32101	32102	0	0	0	10	39	0	3	1396.186	1	40	2	8	0	0	0	0	0	0	0
321	32102	32101	0	0	0	10	28	0	7	0	0	-1	2	5	0	0	0	0	0	0	0
321	32103	0	32102	32101	0	10	9	2	6	0	0	-1	1	-1	0	0	0	0	0	0	0
322	32201	32202	0	0	0	10	50	0	3	1199.372	1	37	2	9	0	0	0	0	0	0	0
322	32202	32201	0	0	0	10	43	0	7	0	0	-1	2	9	0	0	0	0	0	0	0
322	32203	0	32202	32201	0	10	18	4	6	4.013329	0	-1	1	-1	0	0	0	0	0	0	0
322	32204	0	32202	32201	0	10	15	3	6	0	0	-1	1	-1	0	0	0	0	0	0	0
322	32205	0	32202	32201	0	10	5	0	0	0	0	-1	1	-1	0	0	0	0	0	0	0
323	32301	32302	0	0	0	10	52	0	2	0	1	49	2	1	492.6628	0	0	0	0	0	492.6628
323	32302	32301	0	0	0	10	51	0	2	0	0	25	2	1	346.8928	0	0	0	0	0	346.8928
323	32303	0	32302	32301	0	10	23	0	3	1126.207	1	45	1	7	0	0	0	0	0	0	0
323	32304	0	32302	32301	0	10	15	4	6	0	1	-1	1	-1	0	0	0	0	0	0	0
324	32401	32402	0	0	0	10	44	0	3	2176.539	1	37	2	7	0	0	0	0	0	0	0
324	32402	32401	0	0	0	10	43	0	3	1857.691	0	37	2	9	0	0	0	0	0	0	0
324	32403	0	32402	32401	0	10	15	3	6	0	0	-1	1	-1	0	0	0	0	0	0	0
324	32404	0	32402	32401	0	10	11	2	6	0	1	-1	1	-1	0	0	0	0	0	0	0
325	32501	32502	0	0	0	10	56	0	3	3093.625	1	37	2	2	289.6454	0	0	0	0	0	289.6454
325	32502	32501	0	0	0	10	52	0	3	2966.519	0	37	2	2	0	0	0	0	0	0	0
325	32503	0	32502	32501	0	10	20	4	3	496.1446	1	37	1	7	0	0	0	0	0	0	0
325	32504	0	32502	32501	0	10	11	2	6	0	0	-1	1	-1	0	0	0	0	0	0	0
326	32601	32602	0	0	0	10	47	0	2	0	0	50	2	5	1596.753	0	0	0	0	0	1596.753
326	32602	32601	0	0	0	10	54	0	7	0	1	-1	2	2	0	0	0	0	0	0	0
326	32603	0	32601	32602	0	10	13	3	6	0	1	-1	1	-1	0	0	0	0	0	0	0
327	32701	32702	0	0	0	10	56	0	3	1466.465	1	37	2	7	0	0	0	0	0	0	0
327	32702	32701	0	0	0	10	50	0	2	878.2892	0	40	2	3	0	0	0	0	0	0	0
327	32703	0	32702	32701	0	10	22	6	3	1449.454	1	37	1	7	0	0	0	0	0	0	0
327	32704	0	32702	32701	0	10	22	6	3	955.2892	1	37	1	7	0	0	0	0	0	0	0
327	32705	0	0	0	0	10	18	4	6	0	0	-1	1	-1	0	0	0	0	0	0	0
328	32801	0	0	0	0	10	77	0	4	0	0	-1	2	-1	0	0	1586.385	0	1586.385	1586.385	0
329	32901	32902	0	0	0	10	64	0	2	0	0	30	2	1	609.5333	0	0	0	0	0	609.5333
329	32902	32901	0	0	0	10	72	0	4	0	1	-1	2	8	0	0	1392.77	0	1392.77	1392.77	0
330	33001	0	0	0	0	10	52	0	3	1493.454	0	32	3	5	0	0	0	0	0	0	0
330	33002	0	33001	0	0	10	20	0	3	1674.264	1	42	1	8	0	0	0	0	0	0	0
331	33101	33102	0	0	0	10	40	0	2	0	1	80	2	2	2715.952	0	0	0	0	0	2715.952
331	33102	33101	0	0	0	10	36	0	3	1891.09	0	40	2	4	0	0	0	0	0	0	0
331	33103	0	33102	33101	0	10	14	3	6	0	0	-1	1	-1	0	0	0	0	0	0	0
331	33104	0	33102	33101	0	10	11	2	6	0	1	-1	1	-1	0	0	0	0	0	0	0
332	33201	33202	0	0	0	10	52	0	3	1842.758	1	40	2	-1	0	0	0	0	0	0	0
332	33202	33201	0	0	0	10	65	0	4	0	0	-1	2	7	0	0	1622.094	0	1622.094	1622.094	0
333	33301	33302	0	0	0	10	46	0	3	2975.747	1	37	2	2	0	0	0	0	0	0	0
333	33302	33301	0	0	0	10	34	0	3	1959.12	0	15	2	3	0	0	0	0	0	0	0
334	33401	33402	0	0	0	10	73	0	4	0	0	-1	1	-1	0	0	1731.66725	0	1731.66725	1731.66725	0
334	33402	33401	0	0	0	10	86	0	2	0	1	30	5	7	278.4724	0	2085.542	0	2085.542	2085.542	278.4724
335	33501	33502	0	0	0	10	47	0	7	0	0	-1	2	-1	0	0	0	0	0	0	0
335	33502	33501	0	0	0	10	39	0	3	1205.915	1	28	2	-1	0	0	0	0	0	0	0
335	33503	0	33501	33502	0	10	30	0	3	5035.051	0	32	1	4	0	0	0	0	0	0	0
335	33504	0	33501	33502	0	10	26	0	5	3601.827	0	-1	1	5	0	0	0	0	0	0	0
335	33505	0	33501	33502	0	10	12	3	6	0	0	-1	1	-1	0	0	0	0	0	0	0
335	33506	0	33501	33502	0	10	9	2	6	0	0	-1	1	-1	0	0	0	0	0	0	0
335	33507	0	33501	33502	0	10	7	2	6	0	0	-1	1	-1	0	0	0	0	0	0	0
336	33601	33602	0	0	0	10	43	0	3	2395.353	1	40	2	7	0	0	0	0	0	0	0
336	33602	33601	0	0	0	10	42	0	3	1852.296	0	40	2	7	0	0	0	0	0	0	0
336	33603	0	33602	33601	0	10	12	3	6	0	1	-1	1	-1	0	0	0	0	0	0	0
336	33604	0	33602	33601	0	10	11	2	6	0	0	-1	1	-1	0	0	0	0	0	0	0
337	33701	0	0	0	0	10	25	0	3	0	1	40	1	4	0	0	0	0	0	0	0
338	33801	33802	0	0	0	10	23	0	3	1392.8	1	52	1	9	0	0	0	0	0	0	0
338	33802	33801	0	0	0	10	18	0	3	926.7665	0	37	1	-1	0	0	0	0	0	0	0
339	33901	0	0	0	0	10	70	0	7	0	1	-1	5	1	2169.978	0	1649.692	0	1649.692	1649.692	2169.978
340	34001	34002	0	0	0	10	36	0	3	1823.098	1	40	2	4	0	0	0	0	0	0	0
340	34002	34001	0	0	0	10	37	0	3	2128.458	0	40	2	-1	0	0	0	0	0	0	0
341	34101	34102	0	0	0	10	25	6	3	621.7014	1	28	1	9	0	0	0	0	0	0	0
341	34102	34101	0	0	0	10	27	6	6	0	0	-1	1	3	0	0	0	0	0	0	0
342	34201	34202	0	0	0	10	44	0	3	3521.729	1	40	2	4	0	0	0	0	0	0	0
342	34202	34201	0	0	0	10	41	0	5	1018.41	0	-1	2	4	0	0	0	0	0	0	0
342	34203	0	34202	34201	0	10	17	6	6	0	0	-1	1	-1	0	0	0	0	0	0	0
342	34204	0	34202	34201	0	10	11	2	6	0	0	-1	1	-1	0	0	0	0	0	0	0
343	34301	0	0	0	0	10	68	0	4	0	0	-1	5	-1	0	0	1945.27725	0	1945.27725	1945.27725	0
344	34401	34402	0	0	0	10	69	0	4	0	1	-1	2	-1	0	0	1431.98475	0	1431.98475	1431.98475	0
344	34402	34401	0	0	0	10	50	0	7	0	0	-1	2	-1	0	0	0	0	0	0	0
344	34403	0	34402	34401	0	10	16	4	6	0	0	-1	1	-1	0	0	0	0	0	0	0
345	34501	0	0	0	0	10	27	0	3	1806.47	1	35	1	3	0	0	0	0	0	0	0
345	34502	0	0	0	0	10	33	0	2	0	1	48	1	1	2671.429	0	0	0	0	0	2671.429
346	34601	34602	0	0	0	10	41	0	2	0	1	72	2	1	1047.102	0	0	0	0	0	1047.102
346	34602	34601	0	0	0	10	31	0	7	0	0	-1	2	-1	0	0	0	0	0	0	0
346	34603	0	34602	34601	0	10	9	2	6	0	1	-1	1	-1	0	0	0	0	0	0	0
346	34604	0	34602	34601	0	10	8	2	6	0	1	-1	1	-1	0	0	0	0	0	0	0
347	34701	34702	0	0	0	10	56	0	2	0	1	45	2	2	5582.789	0	0	0	0	0	5582.789
347	34702	34701	0	0	0	10	45	0	2	0	0	45	2	2	10396.65	0	0	0	0	0	10396.65
347	34703	0	34702	34701	0	10	15	4	6	0	1	-1	1	-1	0	0	0	0	0	0	0
347	34704	0	34702	34701	0	10	13	3	6	0	0	-1	1	-1	0	0	0	0	0	0	0
348	34801	0	0	0	0	10	68	0	4	0	0	-1	5	5	0	0	2169.61225	0	2169.61225	2169.61225	0
349	34901	0	0	0	0	10	86	0	4	0	0	-1	5	-1	0	0	1370.7645	0	1370.7645	1370.7645	0
350	35001	35002	0	0	0	10	67	0	4	0	1	-1	2	1	0	0	1807.47275	0	1807.47275	1807.47275	0
350	35002	35001	0	0	0	10	58	0	7	0	0	-1	2	-1	0	0	0	0	0	0	0
351	35101	35102	0	0	0	10	34	0	3	3425.895	1	40	2	4	0	0	0	0	0	0	0
351	35102	35101	0	0	0	10	25	6	3	3103.501	0	32	2	2	0	0	0	0	0	0	0
351	35103	0	35102	35101	0	10	2	0	0	0	1	-1	1	-1	0	0	0	0	0	0	0
352	35201	35202	0	0	0	10	70	0	4	0	1	-1	2	4	0	0	1788.0215	0	1788.0215	1788.0215	0
352	35202	35201	0	0	0	10	61	0	3	2296.098	0	29	2	9	0	0	0	0	0	0	0
353	35301	35302	0	0	0	10	65	0	2	0	1	20	2	6	421.2714	0	1679.50525	0	1679.50525	1679.50525	421.2714
353	35302	35301	0	0	0	10	55	0	7	0	0	-1	2	6	0	0	0	0	0	0	0
353	35303	0	0	0	0	10	49	0	7	0	1	-1	1	-1	0	0	0	0	0	0	0
354	35401	0	0	0	0	10	77	0	7	0	0	-1	5	-1	0	0	1500.6055	0	1500.6055	1500.6055	0
355	35501	35502	0	0	0	10	25	0	5	1264.545	1	-1	2	-1	0	0	0	0	0	0	0
355	35502	35501	0	0	0	10	27	0	7	0	0	-1	2	-1	0	0	0	0	0	0	0
356	35601	35602	0	0	0	10	51	0	3	1653.489	0	36	2	5	0	0	0	0	0	0	0
356	35602	35601	0	0	0	10	54	0	3	2568.204	1	37	2	7	0	0	0	0	0	0	0
356	35603	0	35601	35602	0	10	15	3	6	0	0	-1	1	-1	0	0	0	0	0	0	0
357	35701	0	0	0	0	10	30	0	3	0	0	48	4	5	0	0	0	0	0	0	0
358	35801	35802	0	0	0	10	85	0	4	0	1	-1	2	-1	0	0	1142.19125	0	1142.19125	1142.19125	0
358	35802	35801	0	0	0	10	77	0	4	0	0	-1	2	6	0	0	1747.8945	0	1747.8945	1747.8945	0
359	35901	0	0	0	0	10	25	0	3	2325.866	1	37	1	2	0	0	0	0	0	0	0
360	36001	36002	36005	0	0	10	49	0	2	0	1	70	2	6	1883.166	0	0	0	0	0	1883.166
360	36002	36001	0	0	0	10	43	0	9	0	0	50	2	-1	0	0	0	0	0	0	0
360	36003	0	36002	36001	0	10	20	6	6	0	1	-1	1	-1	0	0	0	0	0	0	0
360	36004	0	36002	36001	0	10	18	6	6	0	1	-1	1	-1	0	0	0	0	0	0	0
360	36005	0	0	0	0	10	81	0	4	0	0	-1	5	-1	0	0	1827.3615	0	1827.3615	1827.3615	0
361	36101	0	0	0	0	10	86	0	4	0	0	-1	5	-1	0	0	1962.80975	0	1962.80975	1962.80975	0
362	36201	36202	0	0	0	10	55	0	2	0	1	85	2	7	1784.96	0	0	0	0	0	1784.96
362	36202	36201	0	0	0	10	42	0	3	948.9567	0	40	2	-1	0	0	0	0	0	0	0
362	36203	0	36202	36201	0	10	21	0	3	0	0	40	1	4	0	0	0	0	0	0	0
363	36301	36302	0	0	0	10	53	0	3	1508.072	0	40	2	9	0	0	0	0	0	0	0
363	36302	36301	0	0	0	10	57	0	3	1423.898	1	40	2	9	0	0	0	0	0	0	0
363	36303	0	36301	36302	0	10	29	0	5	0	1	-1	1	-1	0	0	0	0	0	0	0
364	36401	36402	0	0	0	10	40	0	3	2796.688	1	18	2	2	0	0	0	0	0	0	0
364	36402	36401	0	0	0	10	29	0	3	1026.928	0	18	2	2	0	0	0	0	0	0	0
364	36403	0	36402	36401	0	10	6	2	6	0	0	-1	1	-1	0	0	0	0	0	0	0
364	36404	0	36402	36401	0	10	2	0	0	0	0	-1	1	-1	0	0	0	0	0	0	0
365	36501	36502	0	0	0	10	46	0	2	0	1	65	2	7	3360.57	0	0	0	0	0	3360.57
365	36502	36501	0	0	0	10	45	0	3	1895.77	0	38	2	3	0	0	0	0	0	0	0
365	36503	0	36502	36501	0	10	19	6	6	0	0	-1	1	-1	0	0	0	0	0	0	0
365	36504	0	36502	36501	0	10	17	6	6	0	1	-1	1	-1	0	0	0	0	0	0	0
366	36601	36602	0	0	0	10	55	0	4	1989.464	1	-1	2	-1	0	0	0	0	0	0	0
366	36602	36601	0	0	0	10	55	0	4	1127.276	0	-1	2	7	0	0	0	0	0	0	0
366	36603	0	36602	36601	0	10	28	0	3	2109.994	0	25	1	2	0	0	0	0	0	0	0
366	36604	0	0	0	0	10	70	0	4	0	0	-1	1	-1	0	0	1852.1965	0	1852.1965	1852.1965	0
366	36605	0	36602	36601	0	10	23	0	7	0	1	-1	1	-1	0	0	0	0	0	0	0
367	36701	36702	0	0	0	10	57	0	3	1595.564	1	40	2	5	1843.218	0	0	0	0	0	1843.218
367	36702	36701	0	0	0	10	53	0	7	0	0	-1	2	-1	0	0	0	0	0	0	0
367	36703	0	36702	36701	0	10	21	0	5	0	0	-1	1	-1	0	0	0	0	0	0	0
368	36801	36802	0	0	0	10	46	0	2	0	1	30	2	2	2236.634	0	0	0	0	0	2236.634
368	36802	36801	0	0	0	10	27	0	2	0	0	20	2	2	0	0	0	0	0	0	0
369	36901	0	0	0	0	10	50	0	3	2382.284	0	40	5	5	0	0	0	0	0	0	0
370	37001	37002	0	0	0	10	21	6	3	468.6321	1	50	1	3	0	0	0	0	0	0	0
370	37002	37001	0	0	0	10	21	4	3	730.2272	0	37	1	8	0	0	0	0	0	0	0
371	37101	37102	0	0	0	10	31	0	3	1799.873	1	48	2	5	0	0	0	0	0	0	0
371	37102	37101	0	0	0	10	28	0	7	0	0	-1	2	-1	0	0	0	0	0	0	0
371	37103	0	37102	37101	0	10	8	2	6	0	0	-1	1	-1	0	0	0	0	0	0	0
371	37104	0	37102	37101	0	10	4	0	0	0	1	-1	1	-1	0	0	0	0	0	0	0
371	37105	0	37102	37101	0	10	2	0	0	0	1	-1	1	-1	0	0	0	0	0	0	0
372	37201	0	37202	37203	0	10	38	0	3	1639.514	0	40	1	4	0	0	0	0	0	0	0
372	37202	37203	0	0	0	10	55	0	7	180.4077	0	6	2	9	0	0	0	0	0	0	0
372	37203	37202	0	0	0	10	57	0	7	0	1	-1	2	7	0	0	0	0	0	0	0
372	37204	0	37202	37203	0	10	32	0	5	0	1	-1	4	9	0	0	0	0	0	0	0
373	37301	37302	0	0	0	10	68	0	2	0	1	28	2	-1	577.5276	0	1799.1835	0	1799.1835	1799.1835	577.5276
373	37302	37301	0	0	0	10	65	0	7	0	0	-1	2	-1	0	0	1697.59525	0	1697.59525	1697.59525	0
374	37401	37402	0	0	0	10	41	0	3	1901.581	1	40	2	8	0	0	0	0	0	0	0
374	37402	37401	37406	0	0	10	34	0	3	1748.571	0	40	2	8	0	0	0	0	0	0	0
374	37403	0	37402	37401	0	10	17	0	6	0	1	-1	1	-1	0	0	0	0	0	0	0
374	37404	0	37402	37401	0	10	15	4	6	0	0	-1	1	-1	0	0	0	0	0	0	0
374	37405	0	37402	37401	0	10	11	2	6	0	1	-1	1	-1	0	0	0	0	0	0	0
374	37406	0	0	0	0	10	62	0	7	0	0	-1	5	5	0	0	0	0	0	0	0
374	37407	0	37406	0	0	10	33	0	7	0	1	-1	1	-1	0	0	0	0	0	0	0
375	37501	37502	0	0	0	10	38	0	3	2313.436	1	38	2	5	0	0	0	0	0	0	0
375	37502	37501	0	0	0	10	37	0	3	2363.265	0	30	2	2	0	0	0	0	0	0	0
375	37503	0	37502	37501	0	10	15	3	6	0	0	-1	1	-1	0	0	0	0	0	0	0
375	37504	0	37502	37501	0	10	12	2	6	0	1	-1	1	-1	0	0	0	0	0	0	0
375	37505	0	37502	37501	0	10	1	0	0	0	1	-1	1	-1	0	0	0	0	0	0	0
376	37601	0	37602	37603	0	10	32	0	3	1905.899	1	45	1	7	0	0	0	0	0	0	0
376	37602	37603	0	0	0	10	59	0	7	0	0	-1	2	-1	0	0	0	0	0	0	0
376	37603	37602	0	0	0	10	62	0	4	0	1	-1	2	7	0	0	0	0	0	0	0
377	37701	37702	0	0	0	10	51	0	3	2700.03	1	46	2	2	0	0	0	0	0	0	0
377	37702	37701	0	0	0	10	50	0	3	2654.643	0	41	2	2	0	0	0	0	0	0	0
378	37801	37802	0	0	0	10	39	0	3	3121.991	0	37	2	4	0	0	0	0	0	0	0
378	37802	37801	0	0	0	10	37	0	3	5050.57	1	42	2	1	0	0	0	0	0	0	0
378	37803	0	37801	37802	0	10	6	2	6	0	1	-1	1	-1	0	0	0	0	0	0	0
378	37804	0	37801	37802	0	10	3	0	0	0	1	-1	1	-1	0	0	0	0	0	0	0
379	37901	0	0	0	0	10	77	0	4	0	0	-1	5	1	0	0	1275.415	0	1275.415	1275.415	0
380	38001	38002	0	0	0	10	71	0	4	0	1	-1	2	1	0	0	1834.304	0	1834.304	1834.304	0
380	38002	38001	0	0	0	10	66	4	4	0	0	-1	2	5	0	0	1411.64025	0	1411.64025	1411.64025	0
381	38101	38102	0	0	0	10	67	0	4	0	1	-1	2	1	0	0	1773.503	0	1773.503	1773.503	0
381	38102	38101	0	0	0	10	65	0	7	0	0	-1	2	-1	0	0	1677.9665	0	1677.9665	1677.9665	0
382	38201	38202	0	0	0	10	34	0	3	3237.687	1	37	2	3	0	0	0	0	0	0	0
382	38202	38201	0	0	0	10	31	0	2	0	0	45	2	5	304.4724	0	0	0	0	0	304.4724
382	38203	0	38202	38201	0	10	7	2	6	0	1	-1	1	-1	0	0	0	0	0	0	0
382	38204	0	38202	38201	0	10	4	0	0	0	0	-1	1	-1	0	0	0	0	0	0	0
383	38301	38302	0	0	0	10	45	0	3	1963.367	0	40	2	9	0	0	0	0	0	0	0
383	38302	38301	0	0	0	10	46	0	5	0	1	-1	2	9	0	0	0	0	0	0	0
383	38303	0	38301	38302	0	10	21	0	5	0	0	-1	1	-1	0	0	0	0	0	0	0
383	38304	0	38301	38302	0	10	18	0	6	0	0	-1	1	-1	0	0	0	0	0	0	0
383	38305	0	0	0	0	10	24	0	3	1722.132	1	48	1	9	0	0	0	0	0	0	0
384	38401	38402	0	0	0	10	50	0	3	2631.441	1	44	2	2	0	0	0	0	0	0	0
384	38402	38401	0	0	0	10	46	0	3	2278.952	0	37	2	3	0	0	0	0	0	0	0
384	38403	0	38402	38401	0	10	11	2	6	0	0	-1	1	-1	0	0	0	0	0	0	0
385	38501	0	0	0	0	10	31	0	3	2462.116	0	37	1	2	0	0	0	0	0	0	0
386	38601	0	0	0	0	10	52	0	2	621.2978	1	50	1	7	880.4153	0	0	0	0	0	880.4153
387	38701	38702	0	0	0	10	52	0	3	3071.915	1	38	2	8	0	0	0	0	0	0	0
387	38702	38701	0	0	0	10	52	0	3	1763.102	0	30	2	5	0	0	0	0	0	0	0
388	38801	38802	0	0	0	10	70	0	2	0	1	20	2	1	312.8184	0	1865.57725	0	1865.57725	1865.57725	312.8184
388	38802	38801	0	0	0	10	63	0	4	0	0	-1	2	-1	0	0	0	0	0	0	0
389	38901	38902	0	0	0	10	56	0	3	1085.867	0	29	2	8	0	0	0	0	0	0	0
389	38902	38901	0	0	0	10	61	0	3	1960.035	1	37	2	4	0	0	0	0	0	0	0
389	38903	0	38901	38902	0	10	17	4	6	311.0797	1	-1	1	-1	0	0	0	0	0	0	0
390	39001	39002	0	0	0	10	34	0	3	2648.485	1	37	1	7	0	0	0	0	0	0	0
390	39002	39001	0	0	0	10	34	0	3	2159.535	0	37	1	9	0	0	0	0	0	0	0
390	39003	0	39002	39001	0	10	11	2	6	0	1	-1	1	-1	0	0	0	0	0	0	0
390	39004	0	39002	39001	0	10	5	0	0	0	0	-1	1	-1	0	0	0	0	0	0	0
391	39101	39102	0	0	0	10	43	0	3	5481.832	1	50	2	7	0	0	0	0	0	0	0
391	39102	39101	0	0	0	10	42	0	3	1017.33	0	38	2	5	0	0	0	0	0	0	0
391	39103	0	39102	39101	0	10	13	3	6	0	1	-1	1	-1	0	0	0	0	0	0	0
392	39201	39202	0	0	0	10	50	0	3	2754.516	1	38	2	2	0	0	0	0	0	0	0
392	39202	39201	0	0	0	10	45	0	2	0	0	30	2	1	1228.24	0	0	0	0	0	1228.24
392	39203	0	39202	39201	0	10	5	2	0	0	0	-1	1	-1	0	0	0	0	0	0	0
393	39301	39302	0	0	0	10	62	0	2	0	1	30	2	2	7999.003	0	0	0	0	0	7999.003
393	39302	39301	0	0	0	10	60	0	7	0	0	-1	2	4	120.9101	0	0	0	0	0	120.9101
394	39401	39402	0	0	0	10	65	0	4	0	1	-1	2	9	0	0	1784.992	0	1784.992	1784.992	0
394	39402	39401	0	0	0	10	54	0	7	0	0	-1	2	-1	0	0	0	0	0	0	0
395	39501	0	0	0	0	10	54	0	3	2357.856	0	37	5	4	0	0	0	0	0	0	0
396	39601	0	0	0	0	10	62	0	7	0	0	-1	5	6	0	0	0	0	0	0	0
397	39701	39702	0	0	0	10	38	0	2	0	0	45	2	5	3013.719	0	0	0	0	0	3013.719
397	39702	39701	0	0	0	10	41	0	3	2650.826	1	37	2	9	0	0	0	0	0	0	0
397	39703	0	39701	39702	0	10	13	3	6	0	1	-1	1	-1	0	0	0	0	0	0	0
398	39801	39802	0	0	0	10	72	0	4	0	1	-1	2	8	0	0	1495.9325	0	1495.9325	1495.9325	0
398	39802	39801	0	0	0	10	66	0	7	0	0	-1	2	-1	0	0	2026.80625	0	2026.80625	2026.80625	0
399	39901	39902	0	0	0	10	44	0	3	3854.663	1	37	2	2	0	0	0	0	0	0	0
399	39902	39901	0	0	0	10	44	0	3	3403.342	0	37	2	2	0	0	0	0	0	0	0
400	40001	0	0	0	0	10	34	0	3	2528.646	0	40	4	3	0	0	0	0	0	0	0
400	40002	0	40001	0	0	10	15	4	6	0	1	-1	1	-1	0	0	0	0	0	0	0
401	40101	0	0	0	0	10	71	0	3	1495.143	1	37	5	5	0	0	2105.0625	0	2105.0625	2105.0625	0
402	40201	40202	0	0	0	10	50	0	2	0	1	80	2	2	1819.758	0	0	0	0	0	1819.758
402	40202	40201	40206	40205	0	10	41	0	3	2757.429	0	38	2	4	0	0	0	0	0	0	0
402	40203	0	40202	40201	0	10	15	4	6	0	0	-1	1	-1	0	0	0	0	0	0	0
402	40204	0	40202	40201	0	10	13	3	6	0	0	-1	1	-1	0	0	0	0	0	0	0
402	40205	40206	0	0	0	10	82	0	4	0	1	-1	2	-1	0	0	1760.05275	0	1760.05275	1760.05275	0
402	40206	40205	0	0	0	10	71	0	7	0	0	-1	2	-1	0	0	1987.09225	0	1987.09225	1987.09225	0
403	40301	0	0	0	0	10	55	0	7	0	0	-1	5	-1	0	0	0	0	0	0	0
403	40302	0	40301	0	0	10	28	6	6	0	0	-1	1	-1	0	0	0	0	0	0	0
404	40401	40402	0	0	0	10	86	0	4	0	1	-1	2	-1	0	0	1680.299	0	1680.299	1680.299	0
404	40402	40401	0	0	0	10	80	0	4	0	0	-1	2	-1	0	0	1857.021	0	1857.021	1857.021	0
404	40403	40404	40402	40401	0	10	59	0	2	358.6967	1	75	2	8	2714.964	0	0	0	0	0	2714.964
404	40404	40403	0	0	0	10	44	0	7	0	0	-1	2	-1	0	0	0	0	0	0	0
404	40405	0	40404	40403	0	10	26	0	5	0	1	-1	1	-1	0	0	0	0	0	0	0
404	40406	0	40404	40403	0	10	22	0	5	0	1	-1	1	-1	0	0	0	0	0	0	0
405	40501	40502	0	0	0	10	50	0	3	2369.744	0	37	2	5	0	0	0	0	0	0	0
405	40502	40501	0	0	0	10	52	0	3	2528.707	1	37	2	3	0	0	0	0	0	0	0
405	40503	0	40501	40502	0	10	16	4	6	0	1	-1	1	-1	0	0	0	0	0	0	0
405	40504	0	40501	40502	0	10	12	2	6	0	1	-1	1	-1	0	0	0	0	0	0	0
406	40601	40602	0	0	0	10	63	0	4	0	1	-1	2	7	2202.303	0	0	0	0	0	2202.303
406	40602	40601	0	0	0	10	58	0	7	0	0	-1	2	-1	0	0	0	0	0	0	0
407	40701	40702	0	0	0	10	26	0	3	1987.872	0	37	1	3	0	0	0	0	0	0	0
407	40702	40701	0	0	0	10	26	6	6	339.6031	1	42	1	2	0	0	0	0	0	0	0
408	40801	40802	0	0	0	10	38	0	3	2847.207	1	52	2	9	1818.831	0	0	0	0	0	1818.831
408	40802	40801	0	0	0	10	32	0	5	0	0	-1	2	4	0	0	0	0	0	0	0
408	40803	0	40802	40801	0	10	6	2	6	0	1	-1	1	-1	0	0	0	0	0	0	0
408	40804	0	40802	40801	0	10	5	0	0	0	1	-1	1	-1	0	0	0	0	0	0	0
409	40901	40902	0	0	0	10	27	0	3	2789.6	1	37	1	3	0	0	0	0	0	0	0
409	40902	40901	0	0	0	10	26	0	3	2170.394	0	38	1	4	0	0	0	0	0	0	0
410	41001	41002	0	0	0	10	44	0	2	0	0	48	2	3	408.6869	0	0	0	0	0	408.6869
410	41002	41001	0	0	0	10	44	6	2	0	1	55	2	7	4166.083	0	0	0	0	0	4166.083
410	41003	0	41001	41002	0	10	20	0	6	207.5034	0	16	1	5	0	0	0	0	0	0	0
410	41004	0	41001	41002	0	10	17	0	6	0	1	-1	1	-1	0	0	0	0	0	0	0
411	41101	0	0	0	0	10	61	0	5	0	1	-1	1	4	0	0	0	0	0	0	0
412	41201	0	0	0	0	10	86	0	4	0	0	-1	5	-1	0	0	1823.4795	0	1823.4795	1823.4795	0
413	41301	0	0	0	0	10	60	0	3	1253.345	0	25	5	5	0	0	0	0	0	0	0
414	41401	41402	0	0	0	10	38	0	3	2605.848	0	37	2	2	0	0	0	0	0	0	0
414	41402	41401	0	0	0	10	37	4	3	2972.801	1	50	2	1	0	0	0	0	0	0	0
414	41403	0	41401	41402	0	10	11	2	6	0	1	-1	1	-1	0	0	0	0	0	0	0
414	41404	0	41401	41402	0	10	10	2	6	0	0	-1	1	-1	0	0	0	0	0	0	0
415	41501	0	0	0	0	10	50	0	3	2676.098	1	37	1	9	0	0	0	0	0	0	0
416	41601	41602	0	0	0	10	52	0	2	0	1	36	2	6	1359.552	0	0	0	0	0	1359.552
416	41602	41601	0	0	0	10	39	0	3	2115.321	0	37	2	4	0	0	0	0	0	0	0
416	41603	0	41602	41601	0	10	14	3	6	0	0	-1	1	-1	0	0	0	0	0	0	0
416	41604	0	41602	41601	0	10	11	2	6	0	1	-1	1	-1	0	0	0	0	0	0	0
416	41605	0	41602	41601	0	10	10	2	6	0	1	-1	1	-1	0	0	0	0	0	0	0
417	41701	41702	0	0	0	10	66	0	2	0	1	50	2	6	0	0	2113.248	0	2113.248	2113.248	0
417	41702	41701	0	0	0	10	62	0	7	0	0	-1	2	6	0	0	0	0	0	0	0
417	41703	0	0	0	0	10	59	0	9	0	0	70	1	6	0	0	0	0	0	0	0
418	41801	41802	0	0	0	10	44	0	3	4029.941	1	68	2	7	0	0	0	0	0	0	0
418	41802	41801	0	0	0	10	37	0	3	2268.404	0	38	2	3	0	0	0	0	0	0	0
418	41803	0	41802	41801	0	10	14	3	6	0	0	-1	1	-1	0	0	0	0	0	0	0
418	41804	0	41802	41801	0	10	12	3	6	0	1	-1	1	-1	0	0	0	0	0	0	0
418	41805	0	41802	41801	0	10	4	0	0	0	0	-1	1	-1	0	0	0	0	0	0	0
419	41901	0	0	0	0	10	32	0	3	2080.234	0	40	1	5	0	0	0	0	0	0	0
420	42001	42002	0	0	0	10	52	0	2	0	1	50	2	1	5599.426	0	0	0	0	0	5599.426
420	42002	42001	42005	0	0	10	41	0	2	0	0	50	2	1	2697.972	0	0	0	0	0	2697.972
420	42003	0	42002	42001	0	10	10	2	6	0	1	-1	1	-1	0	0	0	0	0	0	0
420	42004	0	42002	42001	0	10	6	2	6	0	1	-1	1	-1	0	0	0	0	0	0	0
420	42005	0	0	0	0	10	76	0	4	0	0	-1	5	1	0	0	1642.01225	0	1642.01225	1642.01225	0
421	42101	0	0	0	0	10	21	6	6	75.51249	0	-1	1	-1	0	0	0	0	0	0	0
422	42201	42202	0	0	0	10	53	0	3	12393.88	1	58	2	1	0	0	0	0	0	0	0
422	42202	42201	0	0	0	10	48	0	3	1444.637	0	21	2	4	0	0	0	0	0	0	0
422	42203	0	42202	42201	0	10	18	4	6	435.8555	0	-1	1	5	0	0	0	0	0	0	0
423	42301	42302	0	0	0	10	60	0	4	0	1	-1	2	1	0	0	0	0	0	0	0
423	42302	42301	0	0	0	10	55	0	4	0	0	-1	2	3	0	0	0	0	0	0	0
423	42303	0	42302	42301	0	10	21	6	6	0	0	-1	1	-1	0	0	0	0	0	0	0
423	42304	0	42302	42301	0	10	29	0	3	2458.26	1	35	1	7	0	0	0	0	0	0	0
424	42401	42402	0	0	0	10	61	0	4	960.7814	1	-1	2	9	0	0	0	0	0	0	0
424	42402	42401	0	0	0	10	57	0	7	0	0	-1	2	-1	0	0	0	0	0	0	0
425	42501	0	0	0	0	10	86	0	4	0	1	-1	5	-1	0	0	1146.70925	0	1146.70925	1146.70925	0
426	42601	0	0	0	0	10	26	4	5	0	0	-1	1	4	0	0	0	0	0	0	0
427	42701	0	0	0	0	10	40	0	3	2334.51	0	37	3	4	0	0	0	0	0	0	0
427	42702	0	42701	0	0	10	16	4	6	0	1	-1	1	-1	0	0	0	0	0	0	0
428	42801	0	0	0	0	10	33	0	3	2072.979	1	37	1	7	0	0	0	0	0	0	0
429	42901	42902	0	0	0	10	42	0	3	4852.312	1	40	2	8	0	0	0	0	0	0	0
429	42902	42901	0	0	0	10	40	0	7	0	0	-1	2	-1	0	0	0	0	0	0	0
429	42903	0	42902	42901	0	10	13	3	6	0	1	-1	1	-1	0	0	0	0	0	0	0
429	42904	0	42902	42901	0	10	10	2	6	0	0	-1	1	-1	0	0	0	0	0	0	0
430	43001	43002	0	0	0	10	60	0	3	1685.938	1	37	2	9	0	0	0	0	0	0	0
430	43002	43001	0	0	0	10	59	0	3	2876.01	0	37	2	2	0	0	0	0	0	0	0
431	43101	43102	0	0	0	10	48	0	3	3057.893	0	35	4	3	0	0	0	0	0	0	0
431	43102	43101	0	0	0	10	54	0	3	4188.084	1	52	4	2	0	0	0	0	0	0	0
432	43201	43202	0	0	0	10	38	0	3	4291.689	1	40	2	-1	0	0	0	0	0	0	0
432	43202	43201	0	0	0	10	35	0	7	0	0	-1	2	5	0	0	0	0	0	0	0
432	43203	0	43202	43201	0	10	8	2	6	0	1	-1	1	-1	0	0	0	0	0	0	0
432	43204	0	43202	43201	0	10	4	0	0	0	1	-1	1	-1	0	0	0	0	0	0	0
433	43301	43302	0	0	0	10	42	0	3	2315.978	1	40	2	7	0	0	0	0	0	0	0
433	43302	43301	0	0	0	10	30	0	7	0	0	-1	2	7	0	0	0	0	0	0	0
433	43303	0	43302	43301	0	10	7	2	6	0	0	-1	1	-1	0	0	0	0	0	0	0
433	43304	0	43302	43301	0	10	4	0	0	0	1	-1	1	-1	0	0	0	0	0	0	0
434	43401	43402	0	0	0	10	28	6	5	0	1	-1	1	5	0	0	0	0	0	0	0
434	43402	43401	0	0	0	10	24	6	6	0	0	-1	1	5	0	0	0	0	0	0	0
435	43501	43502	0	0	0	10	47	0	2	0	1	65	2	1	3044.348	0	0	0	0	0	3044.348
435	43502	43501	0	0	0	10	38	0	7	0	0	-1	2	-1	0	0	0	0	0	0	0
435	43503	0	43502	43501	0	10	3	0	0	0	1	-1	1	-1	0	0	0	0	0	0	0
436	43601	43602	0	0	0	10	52	4	3	1934.221	0	32	2	3	0	0	0	0	0	0	0
436	43602	43601	0	0	0	10	48	4	3	2067.684	1	40	2	4	0	0	0	0	0	0	0
436	43603	0	43601	43602	0	10	18	6	6	118.7711	1	9	1	9	0	0	0	0	0	0	0
437	43701	0	0	0	0	10	60	0	7	0	0	-1	5	-1	0	0	0	0	0	0	0
437	43702	0	43701	0	0	10	28	0	3	1416.037	1	40	1	7	0	0	0	0	0	0	0
437	43703	0	43701	0	0	10	26	0	2	797.2244	1	30	1	6	0	0	0	0	0	0	0
438	43801	0	0	0	0	10	59	0	4	0	1	-1	5	8	0	0	0	0	0	0	0
438	43802	0	0	43801	0	10	25	6	6	0	1	-1	1	-1	0	0	0	0	0	0	0
439	43901	43902	0	0	0	10	63	0	3	1665.316	1	37	2	3	0	0	0	0	0	0	0
439	43902	43901	0	0	0	10	62	0	4	0	0	-1	2	5	0	0	0	0	0	0	0
440	44001	0	44002	44003	0	10	43	0	2	0	1	50	1	1	10524.76	0	0	0	0	0	10524.76
440	44002	44003	0	0	0	10	68	0	7	0	0	-1	2	-1	0	0	1646.50825	0	1646.50825	1646.50825	0
440	44003	44002	0	0	0	10	83	0	4	0	1	-1	2	-1	0	0	1794.8505	0	1794.8505	1794.8505	0
441	44101	44102	0	0	0	10	36	0	6	218.0105	1	6	1	9	0	0	0	0	0	0	0
441	44102	44101	0	0	0	10	26	0	6	132.034	0	-1	1	5	0	0	0	0	0	0	0
441	44103	0	44102	44101	0	10	3	0	0	0	1	-1	1	-1	0	0	0	0	0	0	0
442	44201	44202	0	0	0	10	36	0	3	2729.265	0	33	2	3	0	0	0	0	0	0	0
442	44202	44201	0	0	0	10	40	0	3	5205.621	1	45	2	1	0	0	0	0	0	0	0
442	44203	0	44201	44202	0	10	10	2	6	0	0	-1	1	-1	0	0	0	0	0	0	0
442	44204	0	44201	44202	0	10	9	2	6	0	0	-1	1	-1	0	0	0	0	0	0	0
443	44301	0	0	0	0	10	59	0	5	198.7331	0	-1	5	8	0	0	0	0	0	0	0
444	44401	0	0	0	0	10	80	0	4	0	0	-1	5	-1	0	0	1449.80725	0	1449.80725	1449.80725	0
445	44501	44502	0	0	0	10	60	0	7	0	1	-1	2	-1	0	0	0	0	0	0	0
445	44502	44501	0	0	0	10	53	0	7	0	0	-1	2	-1	0	0	0	0	0	0	0
445	44503	0	44502	44501	0	10	28	0	2	0	1	60	1	8	1989.964	0	0	0	0	0	1989.964
446	44601	44602	0	0	0	10	24	6	3	1440.796	1	13	1	5	0	0	0	0	0	0	0
446	44602	44601	0	0	0	10	25	6	5	885.8922	0	13	1	5	0	0	0	0	0	0	0
447	44701	0	0	0	0	10	86	0	4	0	0	-1	5	-1	0	0	1805.96675	0	1805.96675	1805.96675	0
448	44801	44802	0	0	0	10	62	0	4	0	1	-1	2	7	0	0	0	0	0	0	0
448	44802	44801	0	0	0	10	68	0	7	0	0	-1	2	-1	0	0	2083.819	0	2083.819	2083.819	0
449	44901	0	0	0	0	10	29	0	3	2815.653	1	56	1	8	0	0	0	0	0	0	0
450	45001	45002	45008	45007	0	10	56	0	3	2444.588	1	48	2	3	0	0	0	0	0	0	0
450	45002	45001	0	0	0	10	41	0	7	0	0	-1	2	-1	0	0	0	0	0	0	0
450	45003	0	45002	45001	0	10	9	2	6	0	0	-1	1	-1	0	0	0	0	0	0	0
450	45004	0	45002	45001	0	10	8	2	6	0	1	-1	1	-1	0	0	0	0	0	0	0
450	45005	0	45002	45001	0	10	6	2	6	0	0	-1	1	-1	0	0	0	0	0	0	0
450	45006	0	45002	45001	0	10	1	0	0	0	1	-1	1	-1	0	0	0	0	0	0	0
450	45007	45008	0	0	0	10	86	0	4	0	1	-1	2	-1	0	0	1820.24725	0	1820.24725	1820.24725	0
450	45008	45007	0	0	0	10	81	0	4	0	0	-1	2	-1	0	0	1968.20475	0	1968.20475	1968.20475	0
451	45101	45102	0	0	0	10	62	0	4	0	1	-1	2	8	0	0	0	0	0	0	0
451	45102	45101	0	0	0	10	57	0	7	0	0	-1	2	-1	0	0	0	0	0	0	0
451	45103	0	45102	45101	0	10	27	0	3	1081.924	1	40	1	4	0	0	0	0	0	0	0
452	45201	45202	0	0	0	10	38	0	5	3107.922	1	-1	2	-1	0	0	0	0	0	0	0
452	45202	45201	0	0	0	10	25	0	7	0	0	-1	2	-1	0	0	0	0	0	0	0
453	45301	0	0	0	0	10	51	0	3	4890.5	1	65	1	1	0	0	0	0	0	0	0
454	45401	45402	0	0	0	10	42	0	2	0	1	65	2	8	2515.09	0	0	0	0	0	2515.09
454	45402	45401	0	0	0	10	35	0	5	0	0	-1	2	-1	0	0	0	0	0	0	0
454	45403	0	45402	45401	0	10	13	3	6	0	0	-1	1	-1	0	0	0	0	0	0	0
454	45404	0	45402	45401	0	10	12	3	6	0	0	-1	1	-1	0	0	0	0	0	0	0
455	45501	0	0	0	0	10	82	0	2	0	0	35	5	1	777.5897	0	1911.7105	0	1911.7105	1911.7105	777.5897
456	45601	45602	0	0	0	10	63	0	2	0	1	50	2	6	3227.131	0	0	0	0	0	3227.131
456	45602	45601	0	0	0	10	57	0	9	0	0	40	2	6	0	0	0	0	0	0	0
456	45603	0	45602	45601	0	10	27	0	9	0	1	40	1	6	0	0	0	0	0	0	0
457	45701	0	0	0	0	10	24	6	6	0	1	-1	1	-1	0	0	0	0	0	0	0
458	45801	45802	0	0	0	10	58	0	4	0	0	-1	2	5	0	0	0	0	0	0	0
458	45802	45801	0	0	0	10	62	0	7	0	1	-1	2	9	0	0	0	0	0	0	0
459	45901	0	0	0	0	10	86	0	4	0	0	-1	5	-1	0	0	1619.97225	0	1619.97225	1619.97225	0
460	46001	0	0	0	0	10	76	0	4	0	0	-1	5	-1	0	0	1523.4425	0	1523.4425	1523.4425	0
461	46101	46102	0	0	0	10	39	0	4	0	0	-1	2	8	0	0	0	0	0	0	0
461	46102	46101	0	0	0	10	36	0	4	0	1	-1	2	4	0	0	0	0	0	0	0
462	46201	46202	0	0	0	10	57	0	3	1930.486	1	48	2	8	0	0	0	0	0	0	0
462	46202	46201	0	0	0	10	58	0	7	0	0	-1	2	-1	0	0	0	0	0	0	0
462	46203	0	46202	46201	0	10	29	0	5	0	0	-1	1	2	0	0	0	0	0	0	0
463	46301	0	0	0	0	10	26	6	6	0	0	-1	1	-1	0	0	0	0	0	0	0
464	46401	46402	0	0	0	10	36	0	3	1453.454	0	37	2	2	0	0	0	0	0	0	0
464	46402	46401	0	0	0	10	40	0	3	2007.368	1	45	2	4	863.4153	0	0	0	0	0	863.4153
464	46403	0	46401	46402	0	10	14	3	6	0	1	-1	1	-1	0	0	0	0	0	0	0
464	46404	0	46401	46402	0	10	8	2	6	0	1	-1	1	-1	0	0	0	0	0	0	0
464	46405	0	46401	46402	0	10	3	0	0	0	0	-1	1	-1	0	0	0	0	0	0	0
465	46501	46502	0	0	0	10	43	0	2	0	1	40	2	7	2732.754	0	0	0	0	0	2732.754
465	46502	46501	0	0	0	10	39	0	2	0	0	84	2	7	683.719	0	0	0	0	0	683.719
465	46503	0	46502	46501	0	10	16	4	6	0	0	-1	1	-1	0	0	0	0	0	0	0
466	46601	0	0	0	0	10	25	0	3	2082.308	1	37	1	9	0	0	0	0	0	0	0
467	46701	46702	0	0	0	10	56	0	2	0	1	60	2	7	2542.411	0	0	0	0	0	2542.411
467	46702	46701	0	0	0	10	31	0	9	0	0	50	2	4	0	0	0	0	0	0	0
467	46703	0	46702	46701	0	10	2	0	0	0	1	-1	1	-1	0	0	0	0	0	0	0
468	46801	46802	0	0	0	10	39	0	3	2429.458	1	38	2	7	0	0	0	0	0	0	0
468	46802	46801	0	0	0	10	35	0	7	0	0	-1	2	-1	0	0	0	0	0	0	0
468	46803	0	46802	46801	0	10	15	4	6	0	1	-1	1	-1	0	0	0	0	0	0	0
468	46804	0	46802	46801	0	10	11	2	6	0	0	-1	1	-1	0	0	0	0	0	0	0
469	46901	0	0	0	0	10	37	0	3	2500.146	0	24	1	7	0	0	0	0	0	0	0
469	46902	0	46901	0	0	10	11	2	6	0	0	-1	1	-1	0	0	0	0	0	0	0
470	47001	0	0	0	0	10	26	0	5	621.4447	0	20	1	5	0	0	0	0	0	0	0
471	47101	0	0	0	0	10	58	0	3	0	0	35	4	2	0	0	0	0	0	0	0
472	47201	0	0	0	0	10	71	0	4	0	0	-1	2	-1	0	0	1694.06625	0	1694.06625	1694.06625	0
473	47301	0	0	0	0	10	77	0	4	0	0	-1	5	-1	0	0	1911.232	0	1911.232	1911.232	0
473	47302	0	0	0	0	10	75	0	4	0	0	-1	1	-1	0	0	2077.282	0	2077.282	2077.282	0
474	47401	47402	0	0	0	10	25	0	2	0	1	65	2	8	3390.11	0	0	0	0	0	3390.11
474	47402	47401	0	0	0	10	22	0	7	0	0	-1	2	-1	0	0	0	0	0	0	0
475	47501	47502	0	0	0	10	35	0	2	0	1	50	2	2	3357.874	0	0	0	0	0	3357.874
475	47502	47501	0	0	0	10	34	0	7	1510.357	0	-1	2	-1	0	0	0	0	0	0	0
475	47503	0	47502	47501	0	10	5	2	0	0	1	-1	1	-1	0	0	0	0	0	0	0
475	47504	0	47502	47501	0	10	2	0	0	0	0	-1	1	-1	0	0	0	0	0	0	0
476	47601	47602	0	0	0	10	67	6	7	0	0	-1	2	4	0	0	1757.24375	0	1757.24375	1757.24375	0
476	47602	47601	0	0	0	10	66	6	3	3018.95	1	37	2	2	0	0	1854.0485	0	1854.0485	1854.0485	0
477	47701	47702	0	0	0	10	47	0	3	2564.932	1	37	2	7	0	0	0	0	0	0	0
477	47702	47701	0	0	0	10	45	0	3	2292.265	0	37	2	4	0	0	0	0	0	0	0
478	47801	47802	0	0	0	10	33	0	3	1623.355	1	40	2	7	0	0	0	0	0	0	0
478	47802	47801	0	0	0	10	23	0	7	0	0	-1	2	-1	0	0	0	0	0	0	0
478	47803	0	47802	47801	0	10	4	0	0	0	0	-1	1	-1	0	0	0	0	0	0	0
478	47804	0	47802	47801	0	10	2	0	0	0	1	-1	1	-1	0	0	0	0	0	0	0
479	47901	47902	0	0	0	10	41	0	2	0	1	40	2	2	5267.523	0	0	0	0	0	5267.523
479	47902	47901	0	0	0	10	38	0	9	0	0	40	2	2	0	0	0	0	0	0	0
479	47903	0	47902	47901	0	10	12	3	6	0	1	-1	1	-1	0	0	0	0	0	0	0
480	48001	0	0	0	0	10	68	0	4	0	1	-1	5	-1	0	0	1821.25625	0	1821.25625	1821.25625	0
481	48101	0	0	0	0	10	52	0	5	143.735	0	-1	2	9	0	0	0	0	0	0	0
481	48102	0	48101	0	0	10	24	0	3	1354.049	0	40	1	9	0	0	0	0	0	0	0
481	48103	0	48101	0	0	10	19	6	6	0	1	-1	1	-1	0	0	0	0	0	0	0
482	48201	48202	0	0	0	10	36	0	3	2081.357	1	35	2	2	0	0	0	0	0	0	0
482	48202	48201	0	0	0	10	31	0	3	922.9323	0	40	2	1	0	0	0	0	0	0	0
482	48203	0	48202	48201	0	10	6	2	6	0	1	-1	1	-1	0	0	0	0	0	0	0
483	48301	0	0	0	0	10	72	0	4	0	1	-1	5	-1	0	0	1600.2795	0	1600.2795	1600.2795	0
484	48401	48402	0	0	0	10	56	0	2	0	1	45	2	7	1508.241	0	0	0	0	0	1508.241
484	48402	48401	0	0	0	10	46	0	4	0	0	-1	2	3	0	0	0	0	0	0	0
484	48403	0	48402	48401	0	10	27	0	5	0	0	-1	1	-1	0	0	0	0	0	0	0
484	48404	0	48402	48401	0	10	23	0	3	1131.918	0	40	1	-1	0	0	0	0	0	0	0
485	48501	48502	0	0	0	10	45	0	3	1971.134	1	37	2	5	0	0	0	0	0	0	0
485	48502	48501	0	0	0	10	45	0	3	2404.487	0	34	2	3	0	0	0	0	0	0	0
485	48503	0	48502	48501	0	10	17	4	6	137.3175	0	-1	1	5	0	0	0	0	0	0	0
485	48504	0	48502	48501	0	10	11	2	6	0	1	-1	1	-1	0	0	0	0	0	0	0
486	48601	48602	0	0	0	10	58	0	3	3196.769	1	37	2	8	0	0	0	0	0	0	0
486	48602	48601	0	0	0	10	52	0	3	1505.589	0	26	2	9	0	0	0	0	0	0	0
487	48701	0	0	0	0	10	70	0	3	3167.999	1	29	1	7	0	0	1944.1105	0	1944.1105	1944.1105	0
488	48801	0	0	0	0	10	81	0	4	0	0	-1	5	-1	0	0	2072.8115	0	2072.8115	2072.8115	0
489	48901	0	0	0	0	10	80	0	4	0	0	-1	5	-1	0	0	1669.43325	0	1669.43325	1669.43325	0
490	49001	49002	0	0	0	10	40	0	3	2379.56	1	25	2	2	2172.71	0	0	0	0	0	2172.71
490	49002	49001	0	0	0	10	34	0	7	0	0	-1	2	-1	0	0	0	0	0	0	0
490	49003	0	49002	49001	0	10	11	2	6	0	1	-1	1	-1	0	0	0	0	0	0	0
490	49004	0	49002	49001	0	10	7	2	6	0	1	-1	1	-1	0	0	0	0	0	0	0
491	49101	0	0	0	0	10	70	0	4	0	1	-1	1	9	0	0	1799.737	0	1799.737	1799.737	0
492	49201	0	0	0	0	10	62	0	7	0	1	-1	5	-1	0	0	0	0	0	0	0
493	49301	49302	0	0	0	10	31	0	3	3002.486	1	60	2	4	0	0	0	0	0	0	0
493	49302	49301	0	0	0	10	33	0	7	0	0	-1	2	3	0	0	0	0	0	0	0
493	49303	0	49302	49301	0	10	4	0	0	0	1	-1	1	-1	0	0	0	0	0	0	0
494	49401	49402	0	0	0	10	57	0	2	0	1	50	1	7	254.4724	0	0	0	0	0	254.4724
494	49402	49401	0	0	0	10	39	0	3	1440.666	0	37	1	8	0	0	0	0	0	0	0
494	49403	0	49402	49401	0	10	19	4	6	0	0	-1	1	-1	0	0	0	0	0	0	0
495	49501	49502	0	0	0	10	76	0	4	0	1	-1	2	9	0	0	1833.745	0	1833.745	1833.745	0
495	49502	49501	0	0	0	10	68	0	4	0	0	-1	2	4	0	0	1295.917	0	1295.917	1295.917	0
496	49601	49602	0	0	0	10	57	0	3	2065.864	1	35	2	7	0	0	0	0	0	0	0
496	49602	49601	0	0	0	10	54	0	7	0	0	-1	2	-1	0	0	0	0	0	0	0
496	49603	0	49602	49601	0	10	19	6	6	0	0	-1	1	-1	0	0	0	0	0	0	0
496	49604	0	0	49605	0	10	13	3	6	0	0	-1	1	-1	0	0	0	0	0	0	0
496	49605	0	49602	49601	0	10	29	0	3	1816.862	1	35	3	9	0	0	0	0	0	0	0
497	49701	0	0	0	0	10	24	6	6	0	1	-1	1	9	0	0	0	0	0	0	0
498	49801	0	0	0	0	10	34	0	3	0	0	37	1	4	0	0	0	0	0	0	0
499	49901	0	0	0	0	10	26	6	5	673.526	1	37	1	2	0	0	0	0	0	0	0
500	50001	50002	50007	50006	0	10	31	0	2	0	1	70	2	6	558.1688	0	0	0	0	0	558.1688
500	50002	50001	0	0	0	10	24	0	7	0	0	-1	2	-1	0	0	0	0	0	0	0
500	50003	0	50002	50001	0	10	5	2	0	0	0	-1	1	-1	0	0	0	0	0	0	0
500	50004	0	50002	50001	0	10	3	0	0	0	1	-1	1	-1	0	0	0	0	0	0	0
500	50005	0	50002	50001	0	10	1	0	0	0	0	-1	1	-1	0	0	0	0	0	0	0
500	50006	50007	0	0	0	10	68	0	4	0	1	-1	2	6	0	0	2099.61325	0	2099.61325	2099.61325	0
500	50007	50006	0	0	0	10	62	0	7	0	0	-1	2	6	0	0	0	0	0	0	0
